0.37   0.00000000
  0.59   0.02443793
  0.95   8.43108504
  0.99   8.43108504
  1.01   8.38220919
  1.05  12.34115347
  1.07  12.41446725
  1.09  12.48778104
  1.11  12.48778104
  1.15  12.56109482
  1.43  22.43401760
  1.47  22.70283480
  1.49  22.67839687
  1.51  22.58064516
  1.53  22.58064516
  1.55  22.48289345
  1.57  22.43401760
  1.59  22.40957967
  1.61  22.38514174
  1.63  22.28739003
  1.65  22.16520039
  1.67  22.01857283
  1.69  21.87194526
  1.71  21.77419355
  1.73  21.65200391
  1.75  21.52981427
  1.77  21.43206256
  1.79  21.35874878
  1.81  21.28543500
  1.83  21.21212121
  1.85  21.11436950
  1.87  21.01661779
  1.89  21.01661779
  1.91  20.89442815
  1.93  20.77223851
  1.95  20.72336266
  1.97  20.50342131
  1.99  20.35679374
  2.01  20.16129032
  2.03  19.96578690
  2.05  19.81915934
  2.07  19.64809384
  2.09  19.50146628
  2.11  19.33040078
  2.13  19.18377322
  2.15  19.08602151
  2.17  19.03714565
  2.19  18.84164223
  2.21  18.69501466
  2.23  18.52394917
  2.25  18.37732160
  2.27  18.27956989
  2.29  18.13294233
  2.31  18.03519062
  2.33  17.98631476
  2.35  17.81524927
  2.37  17.79081134
  2.39  17.69305963
  2.41  17.57086999
  2.43  17.39980450
  2.45  17.35092864
  2.47  17.22873900
  2.49  17.10654936
  2.51  16.98435973
  2.53  16.88660802
  2.55  16.78885630
  2.57  16.71554252
  2.59  16.64222874
  2.61  16.54447703
  2.63  16.47116325
  2.65  16.37341153
  2.67  16.27565982
  2.69  16.22678397
  2.71  16.05571848
  2.73  15.93352884
  2.75  15.76246334
  2.77  15.61583578
  2.79  15.46920821
  2.81  15.32258065
  2.83  15.17595308
  2.85  15.07820137
  2.87  14.95601173
  2.89  14.88269795
  2.91  14.80938416
  2.93  14.76050831
  2.95  14.71163245
  2.97  14.61388074
  2.99  14.54056696
  3.01  14.41837732
  3.03  14.34506354
  3.05  14.27174976
  3.07  14.22287390
  3.09  14.14956012
  3.11  14.05180841
  3.13  13.92961877
  3.15  13.80742913
  3.17  13.68523949
  3.19  13.53861193
  3.21  13.41642229
  3.23  13.29423265
  3.25  13.19648094
  3.27  13.12316716
  3.29  13.02541544
  3.31  12.95210166
  3.33  12.90322581
  3.35  12.82991202
  3.37  12.75659824
  3.39  12.70772239
  3.41  12.63440860
  3.43  12.58553275
  3.45  12.51221896
  3.47  12.46334311
  3.49  12.41446725
  3.51  12.36559140
  3.53  12.31671554
  3.55  12.26783969
  3.57  12.26783969
  3.59  12.24340176
  3.61  12.14565005
  3.63  12.07233627
  3.65  11.99902248
  3.67  11.92570870
  3.69  11.80351906
  3.71  11.73020528
  3.73  11.60801564
  3.75  11.51026393
  3.77  11.41251222
  3.79  11.33919844
  3.81  11.24144673
  3.83  11.14369501
  3.85  11.09481916
  3.87  10.99706745
  3.89  10.89931574
  3.91  10.80156403
  3.93  10.70381232
  3.95  10.60606061
  3.97  10.50830890
  3.99  10.43499511
  4.01  10.38611926
  4.03  10.36168133
  4.05  10.31280547
  4.07  10.23949169
  4.09  10.16617791
  4.11  10.19061584
  4.13  10.09286413
  4.15   9.97067449
  4.17   9.92179863
  4.19   9.84848485
  4.21   9.79960899
  4.23   9.79960899
  4.25   9.77517107
  4.27   9.75073314
  4.29   9.67741935
  4.31   9.62854350
  4.33   9.60410557
  4.35   9.55522972
  4.37   9.48191593
  4.39   9.45747801
  4.41   9.40860215
  4.43   9.35972630
  4.45   9.31085044
  4.47   9.23753666
  4.49   9.16422287
  4.51   9.06647116
  4.53   8.96871945
  4.55   8.96871945
  4.57   8.77321603
  4.59   8.69990225
  4.61   8.60215054
  4.63   8.50439883
  4.65   8.43108504
  4.67   8.35777126
  4.69   8.28445748
  4.71   8.23558162
  4.73   8.16226784
  4.75   8.11339198
  4.77   8.08895406
  4.79   8.11339198
  4.81   8.06451613
  4.83   8.04007820
  4.85   7.99120235
  4.87   7.91788856
  4.89   7.91788856
  4.91   7.82013685
  4.93   7.72238514
  4.95   7.64907136
  4.97   7.57575758
  4.99   7.52688172
  5.01   7.47800587
  5.03   7.42913001
  5.05   7.38025415
  5.07   7.33137830
  5.09   7.28250244
  5.11   7.23362659
  5.13   7.20918866
  5.15   7.16031281
  5.17   7.11143695
  5.19   7.08699902
  5.21   7.03812317
  5.23   6.98924731
  5.25   6.94037146
  5.27   6.89149560
  5.29   6.84261975
  5.31   6.79374389
  5.33   6.74486804
  5.35   6.69599218
  5.37   6.64711632
  5.39   6.62267840
  5.41   6.59824047
  5.43   6.54936461
  5.45   6.52492669
  5.47   6.50048876
  5.49   6.47605083
  5.51   6.45161290
  5.53   6.42717498
  5.55   6.37829912
  5.57   6.32942326
  5.59   6.28054741
  5.61   6.32942326
  5.63   6.25610948
  5.65   6.18279570
  5.67   6.10948192
  5.69   6.06060606
  5.71   6.01173021
  5.73   5.96285435
  5.75   5.96285435
  5.77   5.96285435
  5.79   6.01173021
  5.81   6.06060606
  5.83   6.15835777
  5.85   6.28054741
  5.87   6.54936461
  5.89   6.54936461
  5.91   6.52492669
  5.93   6.62267840
  5.95   6.67155425
  5.97   6.81818182
  5.99   7.03812317
  6.01   6.98924731
  6.03   6.69599218
  6.05   6.54936461
  6.07   6.40273705
  6.09   6.37829912
  6.11   6.37829912
  6.13   3.61681329
  6.15   3.73900293
  6.17   3.88563050
  6.19   5.32746823
  6.21   5.10752688
  6.23   4.91202346
  6.25   4.76539589
  6.27   4.66764418
  6.29   4.56989247
  6.31   4.49657869
  6.33   4.44770283
  6.35   4.39882698
  6.37   4.37438905
  6.39   4.37438905
  6.41   4.32551320
  6.43   4.30107527
  6.45   4.25219941
  6.47   4.27663734
  6.49   4.22776149
  6.51   4.10557185
  6.53   4.10557185
  6.55   4.05669599
  6.57   3.98338221
  6.59   3.93450635
  6.61   3.88563050
  6.63   3.83675464
  6.65   3.78787879
  6.67   3.76344086
  6.69   3.71456500
  6.71   3.69012708
  6.73   3.66568915
  6.75   3.69012708
  6.77   3.66568915
  6.79   3.69012708
  6.81   3.66568915
  6.83   3.61681329
  6.85   3.56793744
  6.87   3.56793744
  6.89   3.51906158
  6.91   3.47018573
  6.93   3.42130987
  6.95   3.37243402
  6.97   3.34799609
  6.99   3.32355816
  7.01   3.29912023
  7.03   3.27468231
  7.05   3.22580645
  7.07   3.20136852
  7.09   3.17693060
  7.11   3.15249267
  7.13   3.12805474
  7.15   3.10361681
  7.17   3.07917889
  7.19   3.05474096
  7.21   3.00586510
  7.23   2.98142717
  7.25   2.93255132
  7.27   2.93255132
  7.29   2.90811339
  7.31   2.88367546
  7.33   2.85923754
  7.35   2.83479961
  7.37   2.83479961
  7.39   2.81036168
  7.41   2.83479961
  7.43   2.83479961
  7.45   2.83479961
  7.47   2.85923754
  7.49   2.81036168
  7.51   2.73704790
  7.53   2.73704790
  7.55   2.66373412
  7.57   2.56598240
  7.59   2.51710655
  7.61   2.49266862
  7.63   2.44379277
  7.65   2.46823069
  7.67   2.41935484
  7.69   2.39491691
  7.71   2.37047898
  7.73   2.34604106
  7.75   2.34604106
  7.77   2.34604106
  7.79   2.34604106
  7.81   2.41935484
  7.83   2.41935484
  7.85   2.37047898
  7.87   2.39491691
  7.89   2.29716520
  7.91   2.24828935
  7.93   2.15053763
  7.95   2.17497556
  7.97   2.07722385
  7.99   2.10166178
  8.01   2.07722385
  8.03   2.07722385
  8.05   2.19941349
  8.07   2.07722385
  8.09   2.15053763
  8.11   2.07722385
  8.13   2.15053763
  8.15   2.10166178
  8.17   2.15053763
  8.19   2.00391007
  8.21   2.02834800
  8.23   2.05278592
  8.25   2.05278592
  8.27   1.85728250
  8.29   2.10166178
  8.31   2.00391007
  8.33   1.88172043
  8.35   2.00391007
  8.37   1.97947214
  8.39   2.05278592
  8.41   2.07722385
  8.43   2.19941349
  8.45   1.95503421
  8.47   1.95503421
  8.49   2.02834800
  8.51   1.75953079
  8.53   1.66177908
  8.55   1.71065494
  8.57   0.78201369
  8.59   0.48875855
  8.61   0.24437928
  8.63   0.07331378
  8.65   0.00000000
  8.67   0.00000000
  8.69   0.00000000
  8.71   0.00000000
  8.87   0.00000000
  8.89   0.00000000
  8.91   0.00000000
  8.95   0.00000000
  8.97   0.07331378
  8.99   0.24437928
  9.01   0.43988270
  9.03   0.63538612
  9.05   0.75757576
  9.07   0.87976540
  9.09   0.97751711
  9.11   1.12414467
  9.13   1.39296188
  9.15   1.53958944
  9.17   1.75953079
  9.19   1.90615836
  9.21   2.24828935
  9.23   2.46823069
  9.25   2.44379277
  9.27   2.61485826
  9.29   2.54154448
  9.31   2.66373412
  9.33   2.73704790
  9.35   2.59042033
  9.37   2.68817204
  9.39   2.59042033
  9.41   2.49266862
  9.43   2.51710655
  9.45   2.34604106
  9.47   2.05278592
  9.49   1.93059629
  9.51   1.66177908
  9.53   1.49071359
  9.55   1.31964809
  9.57   1.12414467
  9.59   0.95307918
  9.61   0.85532747
  9.63   0.80645161
  9.65   0.80645161
  9.67   0.83088954
  9.69   0.95307918
  9.71   1.09970674
  9.99   1.02639296
 10.03   0.70869990
 10.05   0.63538612
 10.07   0.56207234
 10.09   0.51319648
 10.11   0.48875855
 10.13   0.51319648
 10.15   0.14662757
 10.17   0.12218964
 10.19   0.34213099
 10.23   0.31769306
 10.25   0.46432063
 10.27   0.53763441
 10.29   0.63538612
 10.31   0.78201369
 10.55   1.34408602
 10.57   1.44183773
 10.59   1.39296188
 10.61   1.56402737
 10.63   1.63734115
 10.65   1.63734115
 10.67   1.58846530
 10.69   1.63734115
 10.71   1.56402737
 10.73   1.46627566
 10.75   1.49071359
 10.77   1.51515152
 10.79   1.61290323
 10.81   1.56402737
 10.83   1.58846530
 10.85   1.53958944
 10.97   1.80840665
 10.99   1.75953079
 11.01   1.73509286
 11.03   1.73509286
 11.15   1.41739980
 11.17   1.39296188
 11.19   1.34408602
 11.21   1.29521017
 11.23   1.31964809
 11.25   1.24633431
 11.27   1.27077224
 11.29   1.27077224
 11.31   1.09970674
 11.33   1.00195503
 11.35   0.97751711
 11.37   1.00195503
 11.39   1.07526882
 11.41   1.17302053
 11.43   1.39296188
 11.45   1.61290323
 11.47   0.02443793
 11.55   2.93255132
 11.57   2.93255132
 11.59   3.07917889
 11.61   3.25024438
 11.63   3.17693060
 11.65   3.25024438
 11.67   3.27468231
 11.69   3.32355816
 11.71   3.34799609
 11.73   3.27468231
 11.75   3.25024438
 11.77   3.12805474
 11.79   3.00586510
 11.81   2.93255132
 11.83   2.85923754
 11.85   2.81036168
 11.87   2.54154448
 11.89   2.81036168
 11.91   2.85923754
 11.93   1.66177908
 11.95   1.46627566
 12.01   1.17302053
 12.05   0.63538612
 12.07   0.41544477
 12.09   0.41544477
 12.11   0.26881720
 12.13   0.19550342
 12.15   0.17106549
 12.17   0.19550342
 12.19   0.26881720
 12.21   0.41544477
 12.23   0.68426197
 12.25   1.22189638
 12.27   3.17693060
 12.29   3.20136852
 12.31   3.29912023
 12.33   3.51906158
 12.35   3.78787879
 12.37   4.08113392
 12.39   4.44770283
 12.41   4.76539589
 12.43   5.27859238
 12.45   5.86510264
 12.47   4.69208211
 12.49   4.66764418
 12.59   7.25806452
 12.61   7.28250244
 12.85   4.91202346
 12.87   4.91202346
 12.93   5.03421310
 12.95   4.81427175
 12.97   4.61876833
 12.99   4.56989247
 13.01   4.32551320
 13.03   4.03225806
