0.79   0.02443793
  0.81   0.02443793
  0.97   1.14858260
  0.99   1.24633431
  1.01   1.31964809
  1.03   1.41739980
  1.07   1.58846530
  1.09   1.66177908
  1.11   1.73509286
  1.13   1.73509286
  1.15   1.80840665
  1.17   1.88172043
  1.19   1.93059629
  1.21   1.97947214
  1.23   2.05278592
  1.25   2.10166178
  1.31   2.19941349
  1.33   2.24828935
  1.35   2.29716520
  1.37   2.34604106
  1.39   2.37047898
  1.41   2.37047898
  1.43   2.39491691
  1.45   2.41935484
  1.47   2.41935484
  1.49   2.44379277
  1.51   2.44379277
  1.53   2.46823069
  1.55   2.46823069
  1.57   2.46823069
  1.59   2.44379277
  1.61   2.44379277
  1.63   2.41935484
  1.65   2.39491691
  1.67   2.39491691
  1.69   2.37047898
  1.71   2.37047898
  1.73   2.34604106
  1.75   2.37047898
  1.77   2.34604106
  1.79   2.34604106
  1.81   2.34604106
  1.83   2.34604106
  1.85   2.32160313
  1.87   2.29716520
  1.89   2.27272727
  1.91   2.27272727
  1.93   2.27272727
  1.95   2.24828935
  1.97   2.22385142
  1.99   2.22385142
  2.01   2.17497556
  2.03   2.12609971
  2.05   2.10166178
  2.07   2.12609971
  2.09   2.10166178
  2.11   2.07722385
  2.13   2.05278592
  2.15   2.05278592
  2.17   2.05278592
  2.19   2.05278592
  2.21   2.05278592
  2.23   2.05278592
  2.25   2.05278592
  2.27   2.05278592
  2.29   2.02834800
  2.31   2.00391007
  2.33   1.97947214
  2.35   2.00391007
  2.37   2.02834800
  2.43   1.90615836
  2.45   1.88172043
  2.47   1.85728250
  2.49   1.85728250
  2.51   1.83284457
  2.53   1.80840665
  2.55   1.78396872
  2.57   1.73509286
  2.59   1.80840665
  2.61   1.80840665
  2.63   1.78396872
  2.65   1.73509286
  2.67   1.78396872
  2.69   1.78396872
  2.71   1.78396872
  2.73   1.78396872
  2.75   1.78396872
  2.77   1.78396872
  2.79   1.78396872
  2.81   1.75953079
  2.83   1.75953079
  2.85   1.73509286
  2.87   1.73509286
  2.89   1.73509286
  2.91   1.71065494
  2.93   1.73509286
  2.95   1.71065494
  2.97   1.68621701
  2.99   1.66177908
  3.01   1.63734115
  3.03   1.63734115
  3.05   1.61290323
  3.07   1.56402737
  3.09   1.53958944
  3.11   1.53958944
  3.13   1.49071359
  3.15   1.44183773
  3.17   1.36852395
  3.19   1.46627566
  3.21   1.46627566
  3.23   1.39296188
  3.25   1.44183773
  3.27   1.49071359
  3.29   1.49071359
  3.31   1.49071359
  3.33   1.49071359
  3.35   1.49071359
  3.37   1.49071359
  3.39   1.49071359
  3.41   1.46627566
  3.43   1.46627566
  3.45   1.44183773
  3.47   1.41739980
  3.49   1.36852395
  3.51   1.39296188
  3.53   1.39296188
  3.55   1.39296188
  3.57   1.34408602
  3.59   1.34408602
  3.61   1.36852395
  3.63   1.34408602
  3.65   1.34408602
  3.67   1.31964809
  3.83   1.19745846
  3.85   1.14858260
  3.87   1.09970674
  3.93   0.02443793
  3.95   0.00000000
  3.99   0.95307918
  4.01   1.05083089
  4.03   1.09970674
  4.05   1.12414467
  4.29   1.07526882
  4.31   1.02639296
  4.33   0.95307918
  4.39   0.02443793
  4.43   0.14662757
  4.47   0.85532747
  4.49   0.92864125
  4.51   1.00195503
  4.53   1.05083089
  4.79   0.90420332
  4.81   0.85532747
  4.83   0.75757576
  4.85   0.65982405
  4.89   0.31769306
  4.91   0.04887586
  4.93   0.17106549
  4.95   0.00000000
  4.97   0.12218964
  4.99   0.00000000
  5.01   0.51319648
  5.03   0.04887586
  5.07   0.58651026
  5.09   0.75757576
  5.11   0.85532747
  5.13   0.92864125
  5.47   0.68426197
  5.49   0.61094819
  5.51   0.24437928
  5.53   0.43988270
  5.55   0.00000000
  5.57   0.07331378
  5.59   0.02443793
  5.61   0.00000000
  5.63   0.02443793
  5.65   0.02443793
  5.67   0.00000000
  5.69   0.02443793
  5.71   0.02443793
  5.73   0.00000000
  5.75   0.19550342
  5.81   0.48875855
  5.83   0.53763441
  5.85   0.61094819
  6.25   0.53763441
  6.27   0.46432063
  6.29   0.36656891
  6.31   0.02443793
  6.33   0.02443793
  6.35   0.02443793
  6.37   0.02443793
  6.39   0.00000000
  6.41   0.00000000
  6.43   0.00000000
  6.45   0.00000000
  6.47   0.00000000
  6.49   0.00000000
  6.51   0.00000000
  6.53   0.00000000
  6.55   0.00000000
  6.57   0.00000000
  6.59   0.00000000
  6.61   0.00000000
  6.63   0.00000000
  6.65   0.00000000
  6.67   0.00000000
  6.69   0.00000000
  6.71   0.00000000
  6.73   0.00000000
  6.75   0.00000000
  6.77   0.00000000
  6.79   0.00000000
  6.81   0.00000000
  6.83   0.00000000
  6.85   0.02443793
  6.87   0.02443793
  6.89   0.02443793
  6.91   0.21994135
  6.95   0.48875855
  6.97   0.53763441
  7.39   0.56207234
  7.41   0.43988270
  7.43   0.39100684
  7.45   0.31769306
  7.47   0.24437928
  7.49   0.00000000
  7.51   0.00000000
  7.53   0.00000000
  7.55   0.00000000
  7.57   0.00000000
  7.59   0.00000000
  7.61   0.00000000
  7.63   0.00000000
  7.65   0.00000000
  7.67   0.00000000
  7.69   0.00000000
  7.71   0.00000000
  7.73   0.00000000
  7.75   0.00000000
  7.77   0.00000000
  7.79   0.00000000
  7.81   0.00000000
  7.83   0.00000000
  7.85   0.00000000
  7.87   0.00000000
  7.89   0.00000000
  7.91   0.00000000
  7.93   0.00000000
  7.95   0.00000000
  7.97   0.00000000
  7.99   0.00000000
  8.01   0.00000000
  8.03   0.00000000
  8.05   0.00000000
  8.07   0.00000000
  8.09   0.00000000
  8.11   0.00000000
  8.13   0.00000000
  8.15   0.00000000
  8.17   0.00000000
  8.19   0.00000000
  8.21   0.00000000
  8.23   0.00000000
  8.25   0.00000000
  8.27   0.00000000
  8.29   0.00000000
  8.31   0.00000000
  8.33   0.00000000
  8.35   0.00000000
  8.37   0.00000000
  8.39   0.00000000
  8.41   0.00000000
  8.43   0.00000000
  8.45   0.00000000
  8.47   0.00000000
  8.49   0.00000000
  8.51   0.00000000
  8.53   0.00000000
  8.55   0.00000000
  8.57   0.00000000
  8.59   0.00000000
  8.61   0.00000000
  8.63   0.00000000
  8.65   0.00000000
  8.67   0.00000000
  8.69   0.00000000
  8.71   0.00000000
  8.73   0.00000000
  8.75   0.00000000
  8.77   0.00000000
  8.79   0.00000000
  8.81   0.00000000
  8.83   0.00000000
  8.85   0.00000000
  8.87   0.00000000
  8.89   0.00000000
  8.91   0.00000000
  8.93   0.00000000
  8.95   0.00000000
  8.97   0.00000000
  8.99   0.00000000
  9.01   0.00000000
  9.03   0.00000000
  9.05   0.00000000
  9.07   0.00000000
  9.11   0.00000000
  9.13   0.00000000
  9.15   0.00000000
  9.17   0.00000000
  9.19   0.00000000
  9.21   0.00000000
  9.23   0.00000000
  9.25   0.00000000
  9.27   0.00000000
  9.29   0.00000000
  9.31   0.51319648
  9.33   0.83088954
  9.35   1.07526882
  9.37   1.24633431
  9.39   1.41739980
  9.41   1.53958944
  9.43   1.58846530
  9.45   1.80840665
  9.59   2.37047898
  9.61   2.37047898
  9.63   2.49266862
  9.65   2.61485826
  9.67   2.71260997
  9.69   2.76148583
  9.71   2.73704790
  9.73   2.73704790
  9.75   2.71260997
  9.77   2.68817204
  9.79   2.63929619
  9.81   2.56598240
  9.83   2.49266862
  9.85   2.41935484
  9.87   2.29716520
  9.89   2.15053763
  9.91   2.15053763
  9.93   2.05278592
  9.95   1.95503421
  9.97   1.83284457
  9.99   1.97947214
 10.01   1.90615836
 10.03   1.95503421
 10.05   1.95503421
 10.07   1.95503421
 10.09   1.97947214
 10.11   1.95503421
 10.13   2.05278592
 10.15   2.07722385
 10.17   2.07722385
 10.19   2.10166178
 10.21   2.22385142
 10.27   2.34604106
 10.29   2.39491691
 10.31   2.44379277
 10.33   2.44379277
 10.51   2.37047898
 10.55   2.27272727
 10.97   2.85923754
 10.99   2.90811339
 11.03   2.85923754
 11.11   2.66373412
 11.13   2.39491691
 11.15   2.32160313
 11.17   2.17497556
 11.19   2.05278592
 11.23   1.95503421
 11.25   1.78396872
 11.31   1.05083089
 11.33   0.90420332
 11.35   0.70869990
 11.37   0.00000000
 11.39   0.21994135
 11.41   0.75757576
 11.43   0.92864125
 11.45   1.02639296
 11.47   1.02639296
 11.49   1.12414467
 11.53   1.22189638
 11.55   1.31964809
 11.57   1.39296188
 11.59   1.49071359
 11.61   1.58846530
 11.63   1.66177908
 11.65   1.75953079
 11.67   1.75953079
 11.69   1.80840665
 11.71   1.78396872
 11.73   2.07722385
 11.77   1.85728250
 11.79   1.83284457
 11.81   1.80840665
 11.83   1.73509286
 11.85   1.61290323
 12.05   0.78201369
 12.09   0.04887586
 12.11   0.63538612
 12.17   1.63734115
 12.27   3.93450635
 12.29   4.22776149
 12.31   4.42326491
 12.33   4.59433040
 12.35   4.59433040
 12.37   4.64320626
 12.39   4.64320626
 12.41   4.61876833
 12.43   4.49657869
 12.45   4.37438905
 12.47   4.39882698
 12.49   4.30107527
 12.51   4.20332356
 12.53   4.22776149
 12.55   4.13000978
 12.57   4.00782014
 12.59   3.86119257
 12.61   3.61681329
 12.63   3.73900293
 12.65   3.47018573
 12.67   3.76344086
 12.69   3.86119257
 12.71   3.98338221
 12.73   4.08113392
 12.75   4.13000978
 12.77   4.15444770
 12.79   4.15444770
 12.81   4.13000978
 12.83   4.10557185
 12.85   4.03225806
 12.87   3.93450635
 12.89   3.81231672
 13.07   0.87976540
 13.09   0.24437928
 13.11   0.21994135
 13.13   0.00000000
 13.15   0.09775171
