0.37   0.12218964
  0.39   0.21994135
  0.41   0.41544477
  0.43   0.14662757
  0.45   0.00000000
  0.47   0.00000000
  0.49   0.00000000
  0.51   0.00000000
  0.53   0.00000000
  0.55   0.00000000
  0.57   0.00000000
  0.59   0.00000000
  0.61   0.00000000
  0.63   0.02443793
  0.65   0.04887586
  0.67   1.07526882
  0.69   1.29521017
  0.71   4.08113392
  0.73   4.52101662
  0.75   5.10752688
  0.77   5.84066471
  0.79   7.18475073
  0.81   8.04007820
  0.83   9.82404692
  0.85  10.85043988
  0.87  11.46138807
  0.89  12.09677419
  0.91  12.65884653
  0.93  13.63636364
  0.95  14.90713587
  0.97  16.25122190
  0.99  16.95992180
  1.01  17.76637341
  1.03  20.23460411
  1.05  21.23655914
  1.07  20.55229717
  1.09  20.38123167
  1.11  24.80449658
  1.13  24.97556207
  1.15  25.00000000
  1.17  25.00000000
  1.19  25.00000000
  1.21  24.46236559
  1.23  24.21798631
  1.25  24.09579668
  1.27  23.94916911
  1.29  23.92473118
  1.31  23.38709677
  1.33  23.21603128
  1.35  22.99608993
  1.37  22.87390029
  1.39  22.80058651
  1.41  22.75171065
  1.43  22.80058651
  1.45  22.80058651
  1.47  22.65395894
  1.49  18.59726295
  1.51  18.47507331
  1.53  18.45063539
  1.55  18.45063539
  1.57  18.54838710
  1.59  18.69501466
  1.61  18.79276637
  1.63  12.21896383
  1.65  11.92570870
  1.67  11.60801564
  1.69  11.19257087
  1.71  10.99706745
  1.73   6.64711632
  1.75   6.81818182
  1.77   7.72238514
  1.79   8.33333333
  1.81   6.45161290
  1.83   6.15835777
  1.85   5.98729228
  1.87   6.08504399
  1.89   5.91397849
  1.91   5.98729228
  1.93   5.88954057
  1.95   5.66959922
  1.97   5.79178886
  1.99   5.88954057
  2.01   5.54740958
  2.03   5.59628543
  2.05   5.59628543
  2.07   5.59628543
  2.09   5.57184751
  2.11   4.49657869
  2.13   4.17888563
  2.15   4.00782014
  2.17   3.78787879
  2.19   3.59237537
  2.21   3.73900293
  2.23   3.05474096
  2.25   5.18084066
  2.27   2.81036168
  2.29   4.15444770
  2.31   3.37243402
  2.33   4.25219941
  2.35   4.30107527
  2.37   4.17888563
  2.39   4.32551320
  2.41   4.54545455
  2.43   4.66764418
  2.45   4.81427175
  2.47   4.15444770
  2.49   4.10557185
  2.51   4.03225806
  2.53   3.95894428
  2.55   3.81231672
  2.57   3.73900293
  2.59   3.54349951
  2.61   5.76735093
  2.63   5.47409580
  2.65   4.98533724
  2.67   4.44770283
  2.69   3.64125122
  2.71   3.76344086
  2.73   3.86119257
  2.75   3.93450635
  2.77   4.03225806
  2.79   4.17888563
  2.81   4.59433040
  2.83   5.57184751
  2.85   5.42521994
  2.87   5.32746823
  2.89   5.15640274
  2.91   5.54740958
  2.93   5.76735093
  2.95   4.59433040
  2.97   4.37438905
  2.99   4.05669599
  3.01   4.10557185
  3.03   3.64125122
  3.05   5.57184751
  3.07   6.03616813
  3.09   4.13000978
  3.11   4.22776149
  3.13   4.42326491
  3.15   4.64320626
  3.17   4.81427175
  3.19   4.91202346
  3.21   5.25415445
  3.23   5.20527859
  3.25   5.30303030
  3.27   4.30107527
  3.29   5.40078201
  3.31   3.95894428
  3.33   4.54545455
  3.35   4.54545455
  3.37   4.25219941
  3.39   4.66764418
  3.41   5.00977517
  3.43   4.08113392
  3.45   3.61681329
  3.47   3.71456500
  3.49   3.83675464
  3.51   3.88563050
  3.53   3.93450635
  3.55   3.95894428
  3.57   4.00782014
  3.59   5.52297165
  3.61   5.35190616
  3.63   5.18084066
  3.65   5.03421310
  3.67   4.88758553
  3.69   4.74095797
  3.71   4.61876833
  3.73   4.39882698
  3.75   4.10557185
  3.77   4.10557185
  3.79   4.20332356
  3.81   4.27663734
  3.83   4.32551320
  3.85   5.49853372
  3.87   6.08504399
  3.89   4.34995112
  3.91   4.34995112
  3.93   5.86510264
  3.95   5.66959922
  3.97   5.49853372
  3.99   5.35190616
  4.01   5.05865103
  4.03   4.83870968
  4.05   4.81427175
  4.07   4.88758553
  4.09   3.81231672
  4.11   4.96089932
  4.13   5.00977517
  4.15   5.62072336
  4.17   6.08504399
  4.19   4.05669599
  4.21   4.25219941
  4.23   4.37438905
  4.25   4.52101662
  4.27   4.66764418
  4.29   4.74095797
  4.31   4.81427175
  4.33   4.88758553
  4.35   4.96089932
  4.37   5.03421310
  4.39   5.08308895
  4.41   4.05669599
  4.43   5.10752688
  4.45   3.86119257
  4.47   2.88367546
  4.49   2.49266862
  4.51   0.00000000
  4.53   1.51515152
  4.55   2.27272727
  4.57   2.68817204
  4.59   5.47409580
  4.61   3.00586510
  4.63   5.42521994
  4.65   3.32355816
  4.67   5.30303030
  4.69   5.20527859
  4.71   5.08308895
  4.73   4.25219941
  4.75   4.93646139
  4.77   4.81427175
  4.79   4.56989247
  4.81   4.44770283
  4.83   4.25219941
  4.85   4.27663734
  4.87   3.81231672
  4.89   4.47214076
  4.91   4.56989247
  4.93   2.81036168
  4.95   6.40273705
  4.97   2.88367546
  4.99   4.64320626
  5.01   4.64320626
  5.03   3.81231672
  5.05   4.59433040
  5.07   4.54545455
  5.09   4.47214076
  5.11   4.54545455
  5.13   4.64320626
  5.15   4.76539589
  5.17   4.86314761
  5.19   4.98533724
  5.21   5.08308895
  5.23   6.45161290
  5.25   5.76735093
  5.27   5.25415445
  5.29   5.25415445
  5.31   2.78592375
  5.33   5.27859238
  5.35   3.49462366
  5.37   3.81231672
  5.39   4.17888563
  5.41   4.39882698
  5.43   4.66764418
  5.45   4.81427175
  5.47   5.15640274
  5.49   3.64125122
  5.51   5.35190616
  5.53   5.54740958
  5.55   5.76735093
  5.57   3.78787879
  5.59   3.73900293
  5.61   3.83675464
  5.63   3.81231672
  5.65   3.91006843
  5.67   3.98338221
  5.69   3.95894428
  5.71   3.88563050
  5.73   3.91006843
  5.75   3.83675464
  5.77   3.88563050
  5.79   3.88563050
  5.81   2.81036168
  5.83   2.98142717
  5.85   2.44379277
  5.87   2.22385142
  5.89   0.00000000
  5.91   2.27272727
  5.93   2.61485826
  5.95   2.90811339
  5.97   3.15249267
  5.99   0.00000000
  6.01   3.37243402
  6.03   3.51906158
  6.05   3.64125122
  6.07   3.73900293
  6.09   3.78787879
  6.11   3.81231672
  6.13   3.81231672
  6.15   3.81231672
  6.17   3.81231672
  6.19   3.76344086
  6.21   3.73900293
  6.23   3.66568915
  6.25   3.56793744
  6.27   5.37634409
  6.29   4.93646139
  6.31   4.76539589
  6.33   4.44770283
  6.35   4.05669599
  6.37   3.51906158
  6.39   2.54154448
  6.41   2.90811339
  6.43   3.56793744
  6.45   4.13000978
  6.47   4.74095797
  6.49   5.13196481
  6.51   5.37634409
  6.53   3.54349951
  6.55   3.66568915
  6.57   3.78787879
  6.59   3.91006843
  6.61   3.98338221
  6.63   4.03225806
  6.65   4.08113392
  6.67   4.13000978
  6.69   4.15444770
  6.71   4.15444770
  6.73   4.15444770
  6.75   4.10557185
  6.77   3.39687195
  6.79   4.03225806
  6.81   3.93450635
  6.83   1.93059629
  6.85   2.56598240
  6.87   3.37243402
  6.89   2.05278592
  6.91   2.39491691
  6.93   2.63929619
  6.95   2.83479961
  6.97   3.03030303
  6.99   3.17693060
  7.01   3.25024438
  7.03   2.51710655
  7.05   2.54154448
  7.07   2.54154448
  7.09   2.54154448
  7.11   2.51710655
  7.13   2.81036168
  7.15   3.88563050
  7.17   4.54545455
  7.19   3.71456500
  7.21   2.12609971
  7.23   0.02443793
  7.25   0.00000000
  7.27   0.00000000
  7.31   0.00000000
  7.33   0.00000000
  7.37   0.00000000
  7.41   0.00000000
  7.45   0.00000000
  7.47   0.00000000
  7.51   0.00000000
  7.55   0.00000000
  7.57   0.00000000
  7.59   0.00000000
  7.63   0.00000000
  7.65   0.00000000
  7.67   0.00000000
  7.69   0.00000000
  7.71   0.07331378
  7.73   0.14662757
  7.75   0.26881720
  7.77   0.41544477
  7.79   0.63538612
  7.81   1.00195503
  7.83   1.49071359
  7.85   2.12609971
  7.87   2.00391007
  7.89   1.80840665
  7.91   1.85728250
  7.93   0.75757576
  7.95   0.56207234
  7.97   0.39100684
  7.99   0.24437928
  8.01   0.14662757
  8.03   0.07331378
  8.05   0.02443793
  8.07   0.00000000
  8.09   0.00000000
  8.11   0.00000000
  8.13   0.00000000
  8.15   0.00000000
  8.17   0.00000000
  8.19   0.00000000
  8.21   0.00000000
  8.23   0.68426197
  8.25   1.05083089
  8.27   1.05083089
  8.29   1.14858260
  8.31   0.78201369
  8.33   0.00000000
  8.35   2.88367546
  8.37   2.88367546
  8.39   2.95698925
  8.41   2.95698925
  8.43   2.98142717
  8.45   2.93255132
  8.47   2.90811339
  8.49   2.90811339
  8.51   2.98142717
  8.53   3.05474096
  8.55   3.49462366
  8.57   3.05474096
  8.59   2.81036168
  8.61   2.83479961
  8.63   2.88367546
  8.65   2.88367546
  8.67   2.90811339
  8.69   2.95698925
  8.71   2.95698925
  8.73   2.63929619
  8.75   2.90811339
  8.77   2.83479961
  8.79   2.81036168
  8.81   2.73704790
  8.83   2.88367546
  8.85   2.81036168
  8.87   2.98142717
  8.89   2.81036168
  8.91   2.95698925
  8.93   2.83479961
  8.95   2.83479961
  8.97   2.85923754
  8.99   3.00586510
  9.01   2.95698925
  9.03   3.03030303
  9.05   2.95698925
  9.07   3.10361681
  9.09   3.10361681
  9.11   3.07917889
  9.13   2.83479961
  9.15   2.59042033
  9.17   2.49266862
  9.19   2.46823069
  9.21   2.27272727
  9.23   2.12609971
  9.25   0.00000000
  9.27   0.00000000
  9.31   2.17497556
  9.33   0.00000000
  9.35   1.97947214
  9.37   2.07722385
  9.39   2.17497556
  9.41   2.05278592
  9.43   2.27272727
  9.45   2.29716520
  9.47   2.29716520
  9.49   2.00391007
  9.51   1.66177908
  9.53   3.20136852
  9.55   2.10166178
  9.57   1.90615836
  9.59   2.61485826
  9.61   2.27272727
  9.63   2.59042033
  9.65   2.54154448
  9.67   2.51710655
  9.69   2.46823069
  9.71   2.22385142
  9.73   2.59042033
  9.75   2.51710655
  9.77   2.63929619
  9.79   2.59042033
  9.81   2.76148583
  9.83   2.81036168
  9.85   3.17693060
  9.87   3.56793744
  9.89   3.81231672
  9.91   3.25024438
  9.93   3.27468231
  9.95   3.17693060
  9.97   3.17693060
  9.99   2.83479961
 10.01   2.83479961
 10.03   2.81036168
 10.05   2.22385142
 10.07   2.66373412
 10.09   0.17106549
 10.11   2.27272727
 10.13   2.05278592
 10.15   1.90615836
 10.17   2.90811339
 10.19   2.15053763
 10.21   3.05474096
 10.23   3.03030303
 10.25   3.15249267
 10.27   3.20136852
 10.29   3.20136852
 10.31   3.37243402
 10.33   3.20136852
 10.35   3.37243402
 10.37   2.90811339
 10.39   2.73704790
 10.41   2.66373412
 10.43   2.46823069
 10.45   2.34604106
 10.47   2.73704790
 10.49   2.37047898
 10.51   2.27272727
 10.53   2.39491691
 10.55   2.24828935
 10.57   2.32160313
 10.59   2.41935484
 10.61   2.49266862
 10.63   2.56598240
 10.65   2.32160313
 10.67   2.63929619
 10.69   2.66373412
 10.71   2.66373412
 10.73   2.17497556
 10.75   2.00391007
 10.77   1.68621701
 10.79   2.34604106
 10.81   1.53958944
 10.83   1.66177908
 10.85   0.17106549
 10.87   0.07331378
 10.89   0.00000000
 10.91   0.00000000
 10.93   0.00000000
 10.95   0.00000000
 10.97   0.00000000
 10.99   0.00000000
 11.03   0.00000000
 11.05   0.00000000
 11.07   0.00000000
 11.09   0.00000000
 11.13   0.00000000
 11.15   0.00000000
 11.17   0.00000000
 11.19   0.00000000
 11.21   0.00000000
 11.23   1.68621701
 11.25   1.68621701
 11.27   1.68621701
 11.29   1.75953079
 11.31   1.53958944
 11.33   1.39296188
 11.35   1.22189638
 11.37   1.12414467
 11.39   1.02639296
 11.41   0.95307918
 11.43   1.14858260
 11.45   1.41739980
 11.47   1.49071359
 11.49   1.39296188
 11.51   1.39296188
 11.53   2.90811339
 11.55   1.78396872
 11.57   2.90811339
 11.59   2.56598240
 11.61   2.90811339
 11.63   2.90811339
 11.65   3.17693060
 11.67   3.39687195
 11.69   3.37243402
 11.71   3.51906158
 11.73   3.66568915
 11.75   4.59433040
 11.77   4.96089932
 11.79  10.85043988
 11.81  10.23949169
 11.83   9.72629521
 11.85   9.28641251
 11.87   8.99315738
 11.89   8.74877810
 11.91   8.67546432
 11.93   8.65102639
 11.95   8.52883675
 11.97   8.91984360
 11.99   8.84652981
 12.01   8.40664712
 12.03   9.01759531
 12.05   8.16226784
 12.07   8.65102639
 12.09   8.99315738
 12.11   8.47996090
 12.13   8.62658847
 12.15   8.74877810
 12.17   8.33333333
 12.19   8.33333333
 12.21   8.94428152
 12.23   8.96871945
 12.25   8.35777126
 12.27   8.35777126
 12.29   8.38220919
 12.31   8.43108504
 12.33   8.52883675
 12.35   8.67546432
 12.37   8.91984360
 12.39   8.47996090
 12.41   8.08895406
 12.43   7.77126100
 12.45   7.25806452
 12.47   7.38025415
 12.49   7.45356794
 12.51   7.45356794
 12.53   3.32355816
 12.55   3.15249267
 12.57   2.51710655
 12.59   2.49266862
 12.61   2.39491691
 12.63   2.34604106
 12.65   2.39491691
 12.67   2.46823069
 12.69   0.00000000
 12.71   0.00000000
 12.75   0.00000000
 12.77   0.00000000
 12.79   0.00000000
 12.83   0.00000000
 12.85   0.00000000
 12.87   0.00000000
 12.89   0.02443793
 12.91   0.39100684
 12.93   0.46432063
 12.95   0.24437928
 12.97   0.12218964
 12.99   0.07331378
 13.01   0.04887586
 13.03   0.02443793
 13.05   0.02443793
 13.07   0.02443793
 13.09   0.00000000
 13.11   0.02443793
 13.13   0.04887586
 13.15   0.07331378
