     t           Hz
  0.37   0.10263929
  0.40   0.11974584
  0.43   0.08553274
  0.46   0.01710655
  0.49   0.00000000
  0.51   0.00000000
  0.54   0.00000000
  0.57   0.00000000
  0.60   0.00000000
  0.63   0.05131965
  0.66   0.15395894
  0.69   0.01710655
  0.71   0.00000000
  0.74   0.00000000
  0.77   0.00000000
  0.80   0.00000000
  0.86   0.00000000
  0.89   0.00000000
  0.91   0.00000000
  0.94   2.49755608
  0.97   1.09481910
  1.00   3.78054722
  1.03   3.79765377
  1.06   3.79765377
  1.09   3.79765377
  1.11   3.84897341
  1.14   4.07135855
  1.17   4.31085022
  1.20   4.58455500
  1.23   4.89247287
  1.26   5.14907110
  1.29   5.33724313
  1.31   5.64516101
  1.34   5.86754614
  1.37   6.08993127
  1.40   6.36363605
  1.43   6.65444737
  1.46   6.94525869
  1.49   7.27028312
  1.51   7.68084028
  1.54   7.95454506
  1.57   8.14271709
  1.60   8.36510222
  1.63   8.60459390
  1.66   8.87829868
  1.69   9.13489690
  1.71   9.57966717
  1.74   9.63098681
  1.77   9.85337194
  1.80   9.99022433
  1.83  10.17839636
  1.86  10.31524875
  1.89  10.38367495
  1.91  10.57184698
  1.94  10.74291246
  1.97  10.91397795
  2.00  11.06793689
  2.03  11.18768273
  2.06  11.41006786
  2.09  11.68377263
  2.11  12.14564944
  2.14  12.82991138
  2.17  12.17986254
  2.20  12.12854289
  2.23  12.04301015
  2.26  12.19696909
  2.29  12.19696909
  2.31  12.19696909
  2.34  12.14564944
  2.37  12.28250183
  2.40  12.64173935
  2.43  12.41935422
  2.46  12.19696909
  2.49  12.02590360
  2.51  12.04301015
  2.54  12.00879705
  2.57  11.92326431
  2.60  11.94037086
  2.63  11.76930537
  2.66  11.80351847
  2.69  11.70087918
  2.71  11.51270715
  2.74  11.49560060
  2.77  11.41006786
  2.80  11.22189582
  2.83  11.08504343
  2.86  10.99951069
  2.89  10.91397795
  2.91  10.87976485
  2.94  10.84555175
  2.97  10.96529759
  3.00  11.06793689
  3.03  10.93108450
  3.06  10.79423211
  3.09  10.70869937
  3.11  10.74291246
  3.14  10.57184698
  3.17  10.52052733
  3.20  10.50342078
  3.23  10.52052733
  3.26  10.53763388
  3.29  10.65737972
  3.31  10.57184698
  3.34  10.53763388
  3.37  10.57184698
  3.40  10.53763388
  3.43  10.58895353
  3.46  10.60606008
  3.49  10.26392911
  3.51  10.40078149
  3.54  10.40078149
  3.57  10.72580592
  3.60  10.48631424
  3.63  10.22971601
  3.66  10.05865052
  3.69  10.02443743
  3.71  10.05865052
  3.74   9.81915884
  3.77   9.69941300
  3.80   9.63098681
  3.83   9.54545407
  3.86   9.51124097
  3.89   9.47702787
  3.91   9.44281478
  3.94   9.56256062
  3.97   9.63098681
  4.00   9.61388026
  4.03   9.59677371
  4.06   9.37438858
  4.09   9.35728203
  4.11   9.25464274
  4.14   9.30596239
  4.17   9.20332310
  4.20   9.13489690
  4.23   9.10068381
  4.26   9.22042965
  4.29   9.44281478
  4.31   9.10068381
  4.34   8.92961832
  4.37   8.84408558
  4.40   8.75855284
  4.43   8.70723319
  4.46   8.67302009
  4.49   8.58748735
  4.51   8.58748735
  4.54   8.57038080
  4.57   8.65591355
  4.60   8.82697903
  4.63   8.60459390
  4.66   8.45063496
  4.69   8.34799567
  4.71   8.24535638
  4.74   8.15982364
  4.77   8.09139744
  4.80   8.02297125
  4.83   7.98875815
  4.86   7.98875815
  4.89   7.92033196
  4.91   7.92033196
  4.94   7.88611886
  4.97   7.88611886
  5.00   7.86901231
  5.03   7.97165161
  5.06   7.97165161
  5.09   8.14271709
  5.11   8.02297125
  5.14   7.83479922
  5.17   7.92033196
  5.20   7.71505338
  5.23   7.71505338
  5.26   7.50977480
  5.29   7.39002896
  5.31   7.30449621
  5.34   7.25317657
  5.37   7.32160276
  5.40   7.25317657
  5.43   7.30449621
  5.46   7.23607002
  5.49   7.27028312
  5.51   7.33870931
  5.54   7.33870931
  5.57   7.18475037
  5.60   7.08211108
  5.63   7.03079144
  5.66   6.97947179
  5.69   7.04789799
  5.71   7.04789799
  5.74   7.04789799
  5.77   6.97947179
  5.80   7.06500453
  5.83   6.96236524
  5.86   6.89393905
  5.89   6.92815215
  5.91   6.80840631
  5.94   6.67155392
  5.97   6.65444737
  6.00   6.67155392
  6.03   6.77419321
  6.06   6.96236524
  6.09   6.80840631
  6.11   6.65444737
  6.14   6.62023427
  6.17   6.48338189
  6.20   6.67155392
  6.23   6.70576702
  6.26   6.41495569
  6.29   6.24389021
  6.31   6.20967711
  6.34   6.22678366
  6.37   6.34652950
  6.40   6.50048843
  6.43   6.44916879
  6.46   6.24389021
  6.49   6.26099675
  6.51   6.19257056
  6.54   6.12414437
  6.57   6.05571817
  6.60   5.98729198
  6.63   5.91886578
  6.66   5.91886578
  6.69   5.88465269
  6.71   5.86754614
  6.74   5.83333304
  6.77   5.86754614
  6.80   5.83333304
  6.83   5.78201340
  6.86   5.78201340
  6.89   5.81622649
  6.91   5.88465269
  6.94   5.97018543
  6.97   5.79911994
  7.00   5.67937411
  7.03   5.55962827
  7.06   5.50830862
  7.09   5.45698897
  7.11   5.42277588
  7.14   5.42277588
  7.17   5.37145623
  7.20   5.37145623
  7.23   5.37145623
  7.26   5.40566933
  7.29   5.42277588
  7.31   5.42277588
  7.34   5.45698897
  7.37   5.47409552
  7.40   5.40566933
  7.43   5.35434968
  7.46   5.37145623
  7.49   5.26881694
  7.51   5.28592349
  7.54   5.26881694
  7.57   5.14907110
  7.60   5.13196455
  7.63   5.11485800
  7.66   5.21749730
  7.69   5.21749730
  7.71   5.20039075
  7.74   5.18328420
  7.77   4.99511216
  7.80   5.08064491
  7.83   4.97800562
  7.86   5.02932526
  7.89   4.94379252
  7.91   4.90957942
  7.94   4.82404668
  7.97   5.14907110
  8.00   4.89247287
  8.03   5.04643181
  8.06   5.13196455
  8.09   4.94379252
  8.11   4.80694013
  8.14   4.77272703
  8.17   4.70430084
  8.20   4.73851394
  8.23   4.73851394
  8.26   4.73851394
  8.29   4.70430084
  8.31   4.70430084
  8.34   4.73851394
  8.37   4.80694013
  8.40   4.73851394
  8.43   4.84115323
  8.46   4.82404668
  8.49   4.60166155
  8.51   4.82404668
  8.54   4.96089907
  8.57   4.60166155
  8.60   4.49902226
  8.63   4.63587465
  8.66   4.34506332
  8.69   4.60166155
  8.71   4.29374368
  8.74   4.31085022
  8.77   5.23460384
  8.80   4.29374368
  8.83   4.61876810
  8.86   4.31085022
  8.89   4.15689129
  8.91   4.61876810
  8.94   4.24242403
  8.97   4.24242403
  9.00   4.29374368
  9.03   4.32795677
  9.06   4.34506332
  9.09   4.63587465
  9.11   4.12267819
  9.14   4.12267819
  9.17   4.61876810
  9.20   4.15689129
  9.23   4.15689129
  9.26   4.17399784
  9.29   4.20821093
  9.31   4.61876810
  9.34   4.56744845
  9.37   4.03714545
  9.40   3.90029306
  9.43   4.37927642
  9.46   4.61876810
  9.49   4.94379252
  9.51   4.58455500
  9.54   5.79911994
  9.57   5.37145623
  9.60   5.40566933
  9.63   5.62805446
  9.66   5.90175924
  9.69   6.63734082
  9.71   5.83333304
  9.74   5.64516101
  9.77   5.43988243
  9.80   5.45698897
  9.83   5.45698897
  9.86   4.08846509
  9.89   4.20821093
  9.91   3.93450616
  9.94   3.79765377
  9.97   3.76344067
 10.00   3.78054722
 10.03   4.75562049
 10.06   4.03714545
 10.09   3.21603112
 10.11   3.59237519
 10.14   3.91739961
 10.17   4.19110438
 10.20   4.41348952
 10.23   4.48191571
 10.26   4.58455500
 10.29   4.36216987
 10.31   4.00293235
 10.34   3.64369483
 10.37   3.30156386
 10.40   3.52394899
 10.43   4.43059606
 10.46   5.04643181
 10.49   3.42130970
 10.51   3.57526864
 10.54   4.36216987
 10.57   4.20821093
 10.60   4.05425200
 10.63   3.86607996
 10.66   3.76344067
 10.69   3.69501448
 10.71   3.60948174
 10.74   4.41348952
 10.77   4.61876810
 10.80   3.19892457
 10.83   4.20821093
 10.86   3.64369483
 10.89   3.79765377
 10.91   4.02003890
 10.94   3.98582580
 10.97   4.03714545
 11.00   4.05425200
 11.03   3.33577696
 11.06   3.04496563
 11.09   2.63440847
 11.11   4.32795677
 11.14   2.94232634
 11.17   3.02785909
 11.20   3.30156386
 11.23   3.54105554
 11.26   3.69501448
 11.29   3.86607996
 11.31   3.98582580
 11.34   3.36999006
 11.37   3.28445731
 11.40   4.10557164
 11.43   2.94232634
 11.46   4.12267819
 11.49   3.95161271
 11.51   2.90811325
 11.54   2.58308882
 11.57   3.11339183
 11.60   3.50684244
 11.63   3.86607996
 11.66   4.00293235
 11.69   2.92521980
 11.71   2.94232634
 11.74   4.75562049
 11.77   2.92521980
 11.80   2.89100670
 11.83   4.00293235
 11.86   3.84897341
 11.89   3.47262935
 11.91   2.99364599
 11.94   2.06989237
 11.97   2.80547396
 12.00   3.69501448
 12.03   4.02003890
 12.06   2.77126086
 12.09   2.95943289
 12.11   3.07917873
 12.14   3.18181802
 12.17   3.21603112
 12.20   3.21603112
 12.23   3.21603112
 12.26   3.16471147
 12.29   3.02785909
 12.31   2.89100670
 12.34   2.53176918
 12.37   3.69501448
 12.40   3.18181802
 12.43   2.41202334
 12.46   2.15542511
 12.49   3.01075254
 12.51   3.59237519
 12.54   3.74633412
 12.57   2.68572812
 12.60   2.80547396
 12.63   2.87390015
 12.66   2.90811325
 12.69   2.90811325
 12.71   2.95943289
 12.74   2.95943289
 12.77   2.95943289
 12.80   2.92521980
 12.83   2.82258050
 12.86   2.68572812
 12.89   2.49755608
 12.91   3.48973590
 12.94   3.28445731
 12.97   2.41202334
 13.00   2.17253166
 13.03   2.82258050
 13.06   3.30156386
 13.09   3.50684244
 13.11   2.53176918
