     t           Hz
  0.37   0.59000000
  0.95   0.99000000
  1.01   1.05000000
  1.07   1.09000000
  1.09   1.11000000
  1.15   1.43000000
  1.47   1.47000000
  1.49   1.49000000
  1.49   1.49000000
  1.51   1.51000000
  1.51   1.51000000
  1.53   1.53000000
  1.53   1.53000000
  1.53   1.53000000
  1.55   1.55000000
  1.55   1.57000000
  1.57   1.59000000
  1.59   1.59000000
  1.59   1.59000000
  1.61   1.61000000
  1.61   1.61000000
  1.61   1.61000000
  1.61   1.63000000
  1.63   1.63000000
  1.63   1.63000000
  1.63   1.65000000
  1.65   1.65000000
  1.65   1.65000000
  1.65   1.65000000
  1.65   1.65000000
  1.67   1.67000000
  1.67   1.67000000
  1.67   1.67000000
  1.67   1.69000000
  1.69   1.69000000
  1.69   1.69000000
  1.71   1.71000000
  1.71   1.71000000
  1.71   1.71000000
  1.73   1.73000000
  1.73   1.73000000
  1.73   1.73000000
  1.73   1.73000000
  1.73   1.75000000
  1.75   1.75000000
  1.75   1.75000000
  1.77   1.77000000
  1.77   1.77000000
  1.79   1.79000000
  1.79   1.81000000
  1.81   1.83000000
  1.83   1.83000000
  1.83   1.85000000
  1.85   1.85000000
  1.87   1.87000000
  1.87   1.89000000
  1.89   1.89000000
  1.91   1.91000000
  1.91   1.93000000
  1.93   1.93000000
  1.93   1.95000000
  1.95   1.95000000
  1.95   1.95000000
  1.97   1.97000000
  1.97   1.97000000
  1.99   1.99000000
  1.99   1.99000000
  1.99   1.99000000
  1.99   2.01000000
  2.01   2.01000000
  2.01   2.01000000
  2.01   2.03000000
  2.03   2.03000000
  2.03   2.03000000
  2.05   2.05000000
  2.05   2.05000000
  2.05   2.05000000
  2.05   2.05000000
  2.07   2.07000000
  2.07   2.07000000
  2.07   2.07000000
  2.09   2.09000000
  2.09   2.09000000
  2.09   2.09000000
  2.09   2.11000000
  2.11   2.11000000
  2.11   2.11000000
  2.11   2.11000000
  2.13   2.13000000
  2.13   2.13000000
  2.13   2.13000000
  2.13   2.13000000
  2.15   2.15000000
  2.15   2.15000000
  2.15   2.15000000
  2.15   2.15000000
  2.15   2.17000000
  2.17   2.17000000
  2.17   2.17000000
  2.17   2.17000000
  2.17   2.17000000
  2.17   2.19000000
  2.19   2.19000000
  2.19   2.19000000
  2.19   2.19000000
  2.19   2.19000000
  2.19   2.21000000
  2.21   2.21000000
  2.21   2.21000000
  2.21   2.21000000
  2.23   2.23000000
  2.23   2.23000000
  2.23   2.23000000
  2.23   2.23000000
  2.23   2.25000000
  2.25   2.25000000
  2.25   2.25000000
  2.25   2.25000000
  2.25   2.25000000
  2.25   2.27000000
  2.27   2.27000000
  2.27   2.27000000
  2.27   2.27000000
  2.27   2.29000000
  2.29   2.29000000
  2.29   2.29000000
  2.31   2.31000000
  2.31   2.31000000
  2.31   2.33000000
  2.33   2.33000000
  2.33   2.33000000
  2.35   2.35000000
  2.35   2.37000000
  2.37   2.37000000
  2.37   2.37000000
  2.37   2.39000000
  2.39   2.39000000
  2.39   2.41000000
  2.41   2.41000000
  2.41   2.43000000
  2.43   2.43000000
  2.45   2.45000000
  2.45   2.45000000
  2.45   2.47000000
  2.47   2.47000000
  2.47   2.47000000
  2.47   2.47000000
  2.49   2.49000000
  2.49   2.49000000
  2.49   2.49000000
  2.51   2.51000000
  2.51   2.51000000
  2.51   2.51000000
  2.53   2.53000000
  2.53   2.53000000
  2.53   2.55000000
  2.55   2.55000000
  2.55   2.55000000
  2.55   2.57000000
  2.57   2.57000000
  2.57   2.57000000
  2.57   2.59000000
  2.59   2.59000000
  2.59   2.59000000
  2.59   2.61000000
  2.61   2.61000000
  2.61   2.61000000
  2.63   2.63000000
  2.63   2.63000000
  2.63   2.65000000
  2.65   2.65000000
  2.65   2.65000000
  2.67   2.67000000
  2.67   2.67000000
  2.67   2.67000000
  2.69   2.69000000
  2.69   2.69000000
  2.69   2.69000000
  2.69   2.69000000
  2.71   2.71000000
  2.71   2.71000000
  2.71   2.71000000
  2.71   2.71000000
  2.73   2.73000000
  2.73   2.73000000
  2.73   2.73000000
  2.73   2.73000000
  2.73   2.75000000
  2.75   2.75000000
  2.75   2.75000000
  2.75   2.75000000
  2.75   2.77000000
  2.77   2.77000000
  2.77   2.77000000
  2.77   2.77000000
  2.77   2.79000000
  2.79   2.79000000
  2.79   2.79000000
  2.79   2.79000000
  2.79   2.81000000
  2.81   2.81000000
  2.81   2.81000000
  2.81   2.81000000
  2.83   2.83000000
  2.83   2.83000000
  2.83   2.83000000
  2.83   2.85000000
  2.85   2.85000000
  2.85   2.85000000
  2.85   2.87000000
  2.87   2.87000000
  2.87   2.87000000
  2.89   2.89000000
  2.89   2.89000000
  2.91   2.91000000
  2.91   2.91000000
  2.91   2.93000000
  2.93   2.93000000
  2.93   2.95000000
  2.95   2.95000000
  2.95   2.95000000
  2.97   2.97000000
  2.97   2.99000000
  2.99   2.99000000
  2.99   3.01000000
  3.01   3.01000000
  3.01   3.01000000
  3.03   3.03000000
  3.03   3.03000000
  3.05   3.05000000
  3.05   3.05000000
  3.05   3.07000000
  3.07   3.07000000
  3.07   3.07000000
  3.07   3.07000000
  3.09   3.09000000
  3.09   3.09000000
  3.09   3.09000000
  3.09   3.09000000
  3.11   3.11000000
  3.11   3.11000000
  3.11   3.11000000
  3.11   3.11000000
  3.11   3.13000000
  3.13   3.13000000
  3.13   3.13000000
  3.13   3.13000000
  3.13   3.13000000
  3.15   3.15000000
  3.15   3.15000000
  3.15   3.15000000
  3.15   3.15000000
  3.15   3.17000000
  3.17   3.17000000
  3.17   3.17000000
  3.17   3.17000000
  3.17   3.17000000
  3.19   3.19000000
  3.19   3.19000000
  3.19   3.19000000
  3.19   3.21000000
  3.21   3.21000000
  3.21   3.21000000
  3.21   3.21000000
  3.23   3.23000000
  3.23   3.23000000
  3.23   3.25000000
  3.25   3.25000000
  3.25   3.25000000
  3.25   3.27000000
  3.27   3.27000000
  3.27   3.27000000
  3.29   3.29000000
  3.29   3.29000000
  3.31   3.31000000
  3.31   3.31000000
  3.33   3.33000000
  3.33   3.33000000
  3.33   3.33000000
  3.35   3.35000000
  3.35   3.35000000
  3.35   3.37000000
  3.37   3.37000000
  3.37   3.39000000
  3.39   3.39000000
  3.39   3.39000000
  3.41   3.41000000
  3.41   3.41000000
  3.41   3.43000000
  3.43   3.43000000
  3.43   3.43000000
  3.45   3.45000000
  3.45   3.45000000
  3.47   3.47000000
  3.47   3.49000000
  3.49   3.49000000
  3.51   3.51000000
  3.51   3.53000000
  3.53   3.53000000
  3.55   3.55000000
  3.55   3.57000000
  3.57   3.57000000
  3.57   3.57000000
  3.57   3.59000000
  3.59   3.59000000
  3.59   3.59000000
  3.59   3.61000000
  3.61   3.61000000
  3.61   3.61000000
  3.61   3.63000000
  3.63   3.63000000
  3.63   3.63000000
  3.63   3.65000000
  3.65   3.65000000
  3.65   3.65000000
  3.65   3.65000000
  3.67   3.67000000
  3.67   3.67000000
  3.67   3.67000000
  3.67   3.69000000
  3.69   3.69000000
  3.69   3.69000000
  3.69   3.71000000
  3.71   3.71000000
  3.71   3.71000000
  3.71   3.71000000
  3.73   3.73000000
  3.73   3.73000000
  3.73   3.75000000
  3.75   3.75000000
  3.75   3.75000000
  3.77   3.77000000
  3.77   3.77000000
  3.77   3.79000000
  3.79   3.79000000
  3.79   3.79000000
  3.79   3.81000000
  3.81   3.81000000
  3.81   3.81000000
  3.81   3.83000000
  3.83   3.83000000
  3.83   3.83000000
  3.83   3.83000000
  3.85   3.85000000
  3.85   3.85000000
  3.85   3.85000000
  3.85   3.85000000
  3.85   3.87000000
  3.87   3.87000000
  3.87   3.87000000
  3.87   3.87000000
  3.87   3.87000000
  3.89   3.89000000
  3.89   3.89000000
  3.89   3.89000000
  3.89   3.89000000
  3.91   3.91000000
  3.91   3.91000000
  3.91   3.91000000
  3.91   3.93000000
  3.93   3.93000000
  3.93   3.93000000
  3.93   3.95000000
  3.95   3.95000000
  3.95   3.95000000
  3.97   3.97000000
  3.97   3.97000000
  3.97   3.99000000
  3.99   3.99000000
  3.99   4.01000000
  4.01   4.01000000
  4.01   4.01000000
  4.01   4.03000000
  4.03   4.03000000
  4.03   4.05000000
  4.05   4.05000000
  4.05   4.05000000
  4.05   4.07000000
  4.07   4.07000000
  4.07   4.07000000
  4.09   4.09000000
  4.09   4.11000000
  4.11   4.11000000
  4.11   4.11000000
  4.13   4.13000000
  4.13   4.13000000
  4.15   4.15000000
  4.15   4.17000000
  4.17   4.17000000
  4.17   4.19000000
  4.19   4.19000000
  4.19   4.21000000
  4.21   4.21000000
  4.21   4.23000000
  4.23   4.23000000
  4.23   4.23000000
  4.23   4.23000000
  4.25   4.25000000
  4.25   4.25000000
  4.25   4.25000000
  4.25   4.25000000
  4.25   4.27000000
  4.27   4.27000000
  4.27   4.27000000
  4.27   4.27000000
  4.27   4.27000000
  4.27   4.29000000
  4.29   4.29000000
  4.29   4.29000000
  4.29   4.29000000
  4.29   4.29000000
  4.31   4.31000000
  4.31   4.31000000
  4.31   4.31000000
  4.31   4.33000000
  4.33   4.33000000
  4.33   4.33000000
  4.33   4.33000000
  4.33   4.35000000
  4.35   4.35000000
  4.35   4.35000000
  4.35   4.35000000
  4.37   4.37000000
  4.37   4.37000000
  4.37   4.37000000
  4.39   4.39000000
  4.39   4.39000000
  4.39   4.39000000
  4.41   4.41000000
  4.41   4.41000000
  4.41   4.41000000
  4.43   4.43000000
  4.43   4.43000000
  4.43   4.43000000
  4.45   4.45000000
  4.45   4.45000000
  4.45   4.45000000
  4.47   4.47000000
  4.47   4.47000000
  4.47   4.47000000
  4.49   4.49000000
  4.49   4.49000000
  4.49   4.49000000
  4.51   4.51000000
  4.51   4.51000000
  4.51   4.51000000
  4.53   4.53000000
  4.53   4.53000000
  4.53   4.53000000
  4.55   4.55000000
  4.55   4.55000000
  4.55   4.55000000
  4.55   4.57000000
  4.57   4.57000000
  4.57   4.57000000
  4.57   4.59000000
  4.59   4.59000000
  4.59   4.59000000
  4.61   4.61000000
  4.61   4.61000000
  4.61   4.61000000
  4.63   4.63000000
  4.63   4.63000000
  4.63   4.63000000
  4.65   4.65000000
  4.65   4.65000000
  4.65   4.65000000
  4.67   4.67000000
  4.67   4.67000000
  4.67   4.69000000
  4.69   4.69000000
  4.69   4.69000000
  4.71   4.71000000
  4.71   4.71000000
  4.71   4.71000000
  4.73   4.73000000
  4.73   4.75000000
  4.75   4.77000000
  4.77   4.77000000
  4.79   4.79000000
  4.79   4.79000000
  4.81   4.81000000
  4.81   4.81000000
  4.83   4.83000000
  4.83   4.83000000
  4.83   4.85000000
  4.85   4.85000000
  4.85   4.85000000
  4.85   4.87000000
  4.87   4.87000000
  4.87   4.87000000
  4.89   4.89000000
  4.89   4.89000000
  4.89   4.91000000
  4.91   4.91000000
  4.91   4.91000000
  4.93   4.93000000
  4.93   4.93000000
  4.95   4.95000000
  4.95   4.95000000
  4.97   4.97000000
  4.97   4.97000000
  4.97   4.99000000
  4.99   4.99000000
  4.99   4.99000000
  4.99   5.01000000
  5.01   5.01000000
  5.01   5.01000000
  5.01   5.01000000
  5.03   5.03000000
  5.03   5.03000000
  5.03   5.03000000
  5.03   5.03000000
  5.05   5.05000000
  5.05   5.05000000
  5.05   5.05000000
  5.05   5.07000000
  5.07   5.07000000
  5.07   5.07000000
  5.07   5.07000000
  5.09   5.09000000
  5.09   5.09000000
  5.09   5.09000000
  5.11   5.11000000
  5.11   5.11000000
  5.11   5.13000000
  5.13   5.13000000
  5.13   5.13000000
  5.13   5.15000000
  5.15   5.15000000
  5.15   5.15000000
  5.17   5.17000000
  5.17   5.17000000
  5.17   5.19000000
  5.19   5.19000000
  5.19   5.19000000
  5.21   5.21000000
  5.21   5.21000000
  5.23   5.23000000
  5.23   5.23000000
  5.25   5.25000000
  5.25   5.25000000
  5.27   5.27000000
  5.27   5.27000000
  5.29   5.29000000
  5.29   5.31000000
  5.31   5.31000000
  5.33   5.33000000
  5.33   5.35000000
  5.35   5.35000000
  5.37   5.37000000
  5.37   5.39000000
  5.39   5.39000000
  5.39   5.41000000
  5.41   5.41000000
  5.41   5.43000000
  5.43   5.43000000
  5.43   5.43000000
  5.45   5.45000000
  5.45   5.45000000
  5.45   5.47000000
  5.47   5.47000000
  5.47   5.47000000
  5.49   5.49000000
  5.49   5.49000000
  5.49   5.49000000
  5.51   5.51000000
  5.51   5.51000000
  5.51   5.53000000
  5.53   5.53000000
  5.53   5.53000000
  5.55   5.55000000
  5.55   5.55000000
  5.55   5.57000000
  5.57   5.57000000
  5.59   5.59000000
  5.59   5.59000000
  5.61   5.61000000
  5.61   5.61000000
  5.61   5.61000000
  5.61   5.61000000
  5.63   5.63000000
  5.63   5.63000000
  5.63   5.63000000
  5.63   5.65000000
  5.65   5.65000000
  5.65   5.65000000
  5.65   5.67000000
  5.67   5.67000000
  5.67   5.67000000
  5.69   5.69000000
  5.69   5.69000000
  5.69   5.69000000
  5.71   5.71000000
  5.71   5.71000000
  5.71   5.71000000
  5.71   5.71000000
  5.73   5.73000000
  5.73   5.73000000
  5.73   5.73000000
  5.73   5.73000000
  5.73   5.73000000
  5.75   5.75000000
  5.75   5.75000000
  5.75   5.75000000
  5.75   5.75000000
  5.75   5.75000000
  5.75   5.75000000
  5.75   5.75000000
  5.75   5.77000000
  5.77   5.77000000
  5.77   5.77000000
  5.77   5.77000000
  5.77   5.77000000
  5.77   5.77000000
  5.77   5.77000000
  5.77   5.77000000
  5.77   5.77000000
  5.79   5.79000000
  5.79   5.79000000
  5.79   5.79000000
  5.79   5.79000000
  5.79   5.79000000
  5.79   5.79000000
  5.79   5.79000000
  5.79   5.79000000
  5.79   5.79000000
  5.79   5.79000000
  5.79   5.81000000
  5.81   5.81000000
  5.81   5.81000000
  5.81   5.81000000
  5.81   5.81000000
  5.81   5.81000000
  5.81   5.81000000
  5.81   5.81000000
  5.81   5.81000000
  5.81   5.81000000
  5.81   5.81000000
  5.81   5.81000000
  5.81   5.81000000
  5.81   5.81000000
  5.81   5.83000000
  5.83   5.83000000
  5.83   5.83000000
  5.83   5.83000000
  5.83   5.85000000
  5.85   5.85000000
  5.85   5.85000000
  5.85   5.87000000
  5.87   5.87000000
  5.87   5.89000000
  5.89   5.89000000
  5.89   5.91000000
  5.91   5.91000000
  5.91   5.93000000
  5.93   5.93000000
  5.93   5.93000000
  5.95   5.95000000
  5.95   5.95000000
  5.97   5.97000000
  5.97   5.97000000
  5.97   5.97000000
  5.97   5.97000000
  5.99   5.99000000
  5.99   5.99000000
  5.99   5.99000000
  5.99   5.99000000
  5.99   5.99000000
  5.99   6.01000000
  6.01   6.01000000
  6.01   6.01000000
  6.01   6.01000000
  6.01   6.01000000
  6.01   6.01000000
  6.03   6.03000000
  6.03   6.03000000
  6.03   6.03000000
  6.03   6.05000000
  6.05   6.05000000
  6.05   6.05000000
  6.07   6.07000000
  6.07   6.07000000
  6.07   6.09000000
  6.09   6.09000000
  6.09   6.09000000
  6.11   6.11000000
  6.11   6.11000000
  6.13   6.13000000
  6.13   6.13000000
  6.13   6.15000000
  6.15   6.15000000
  6.17   6.17000000
  6.17   6.17000000
  6.17   6.17000000
  6.19   6.19000000
  6.19   6.19000000
  6.19   6.19000000
  6.19   6.19000000
  6.19   6.19000000
  6.19   6.19000000
  6.19   6.19000000
  6.19   6.21000000
  6.21   6.21000000
  6.21   6.21000000
  6.21   6.21000000
  6.21   6.21000000
  6.21   6.21000000
  6.21   6.21000000
  6.21   6.21000000
  6.21   6.21000000
  6.21   6.21000000
  6.21   6.21000000
  6.21   6.21000000
  6.21   6.21000000
  6.21   6.21000000
  6.21   6.21000000
  6.23   6.23000000
  6.23   6.23000000
  6.23   6.23000000
  6.23   6.23000000
  6.23   6.23000000
  6.23   6.23000000
  6.23   6.23000000
  6.23   6.23000000
  6.23   6.23000000
  6.23   6.23000000
  6.23   6.23000000
  6.23   6.23000000
  6.23   6.23000000
  6.23   6.23000000
  6.23   6.23000000
  6.23   6.23000000
  6.23   6.25000000
  6.25   6.25000000
  6.25   6.25000000
  6.25   6.25000000
  6.25   6.25000000
  6.25   6.25000000
  6.25   6.25000000
  6.25   6.25000000
  6.25   6.25000000
  6.25   6.25000000
  6.25   6.25000000
  6.25   6.27000000
  6.27   6.27000000
  6.27   6.27000000
  6.27   6.27000000
  6.27   6.27000000
  6.27   6.27000000
  6.27   6.27000000
  6.27   6.27000000
  6.27   6.29000000
  6.29   6.29000000
  6.29   6.29000000
  6.29   6.29000000
  6.29   6.29000000
  6.29   6.31000000
  6.31   6.31000000
  6.31   6.31000000
  6.31   6.31000000
  6.33   6.33000000
  6.33   6.33000000
  6.33   6.35000000
  6.35   6.35000000
  6.37   6.37000000
  6.37   6.39000000
  6.39   6.39000000
  6.39   6.39000000
  6.41   6.41000000
  6.41   6.41000000
  6.41   6.41000000
  6.43   6.43000000
  6.43   6.43000000
  6.43   6.43000000
  6.43   6.45000000
  6.45   6.45000000
  6.45   6.45000000
  6.47   6.47000000
  6.47   6.47000000
  6.47   6.49000000
  6.49   6.49000000
  6.49   6.49000000
  6.51   6.51000000
  6.51   6.51000000
  6.53   6.53000000
  6.53   6.53000000
  6.53   6.53000000
  6.53   6.55000000
  6.55   6.55000000
  6.55   6.55000000
  6.55   6.57000000
  6.57   6.57000000
  6.57   6.57000000
  6.57   6.59000000
  6.59   6.59000000
  6.59   6.59000000
  6.59   6.61000000
  6.61   6.61000000
  6.61   6.61000000
  6.63   6.63000000
  6.63   6.63000000
  6.65   6.65000000
  6.65   6.65000000
  6.67   6.67000000
  6.67   6.67000000
  6.67   6.69000000
  6.69   6.69000000
  6.69   6.71000000
  6.71   6.71000000
  6.71   6.71000000
  6.73   6.73000000
  6.73   6.73000000
  6.73   6.75000000
  6.75   6.75000000
  6.75   6.75000000
  6.75   6.75000000
  6.75   6.77000000
  6.77   6.77000000
  6.77   6.77000000
  6.77   6.77000000
  6.77   6.79000000
  6.79   6.79000000
  6.79   6.79000000
  6.79   6.79000000
  6.79   6.79000000
  6.79   6.79000000
  6.81   6.81000000
  6.81   6.81000000
  6.81   6.81000000
  6.81   6.81000000
  6.81   6.81000000
  6.81   6.83000000
  6.83   6.83000000
  6.83   6.83000000
  6.83   6.83000000
  6.83   6.83000000
  6.83   6.85000000
  6.85   6.85000000
  6.85   6.85000000
  6.85   6.85000000
  6.85   6.85000000
  6.87   6.87000000
  6.87   6.87000000
  6.87   6.87000000
  6.87   6.87000000
  6.87   6.87000000
  6.89   6.89000000
  6.89   6.89000000
  6.89   6.89000000
  6.89   6.89000000
  6.91   6.91000000
  6.91   6.91000000
  6.91   6.91000000
  6.91   6.93000000
  6.93   6.93000000
  6.93   6.93000000
  6.95   6.95000000
  6.95   6.97000000
  6.97   6.97000000
  6.99   6.99000000
  6.99   6.99000000
  7.01   7.01000000
  7.01   7.01000000
  7.03   7.03000000
  7.03   7.03000000
  7.03   7.05000000
  7.05   7.05000000
  7.05   7.07000000
  7.07   7.07000000
  7.07   7.07000000
  7.09   7.09000000
  7.09   7.09000000
  7.11   7.11000000
  7.11   7.11000000
  7.11   7.13000000
  7.13   7.13000000
  7.13   7.13000000
  7.15   7.15000000
  7.15   7.15000000
  7.15   7.15000000
  7.15   7.17000000
  7.17   7.17000000
  7.17   7.17000000
  7.17   7.19000000
  7.19   7.19000000
  7.19   7.19000000
  7.19   7.19000000
  7.19   7.21000000
  7.21   7.21000000
  7.21   7.21000000
  7.21   7.23000000
  7.23   7.23000000
  7.23   7.23000000
  7.23   7.25000000
  7.25   7.25000000
  7.25   7.25000000
  7.27   7.27000000
  7.27   7.27000000
  7.27   7.27000000
  7.29   7.29000000
  7.29   7.29000000
  7.29   7.29000000
  7.31   7.31000000
  7.31   7.31000000
  7.31   7.33000000
  7.33   7.33000000
  7.33   7.33000000
  7.35   7.35000000
  7.35   7.35000000
  7.35   7.37000000
  7.37   7.37000000
  7.37   7.39000000
  7.39   7.39000000
  7.39   7.41000000
  7.41   7.41000000
  7.41   7.41000000
  7.41   7.43000000
  7.43   7.43000000
  7.43   7.43000000
  7.43   7.43000000
  7.45   7.45000000
  7.45   7.45000000
  7.45   7.45000000
  7.45   7.45000000
  7.45   7.47000000
  7.47   7.47000000
  7.47   7.47000000
  7.47   7.47000000
  7.47   7.47000000
  7.47   7.47000000
  7.47   7.49000000
  7.49   7.49000000
  7.49   7.49000000
  7.49   7.49000000
  7.49   7.49000000
  7.49   7.49000000
  7.49   7.49000000
  7.51   7.51000000
  7.51   7.51000000
  7.51   7.51000000
  7.51   7.51000000
  7.51   7.51000000
  7.51   7.51000000
  7.51   7.53000000
  7.53   7.53000000
  7.53   7.53000000
  7.53   7.53000000
  7.53   7.53000000
  7.53   7.53000000
  7.53   7.53000000
  7.53   7.53000000
  7.55   7.55000000
  7.55   7.55000000
  7.55   7.55000000
  7.55   7.55000000
  7.55   7.55000000
  7.55   7.55000000
  7.55   7.55000000
  7.55   7.55000000
  7.57   7.57000000
  7.57   7.57000000
  7.57   7.57000000
  7.57   7.59000000
  7.59   7.59000000
  7.59   7.61000000
  7.61   7.61000000
  7.61   7.61000000
  7.63   7.63000000
  7.63   7.63000000
  7.63   7.65000000
  7.65   7.65000000
  7.65   7.65000000
  7.65   7.65000000
  7.65   7.67000000
  7.67   7.67000000
  7.67   7.67000000
  7.69   7.69000000
  7.69   7.69000000
  7.69   7.69000000
  7.71   7.71000000
  7.71   7.71000000
  7.71   7.71000000
  7.71   7.73000000
  7.73   7.73000000
  7.73   7.73000000
  7.73   7.73000000
  7.75   7.75000000
  7.75   7.75000000
  7.75   7.75000000
  7.75   7.75000000
  7.75   7.75000000
  7.75   7.77000000
  7.77   7.77000000
  7.77   7.77000000
  7.77   7.79000000
  7.79   7.79000000
  7.79   7.81000000
  7.81   7.81000000
  7.81   7.81000000
  7.81   7.81000000
  7.81   7.83000000
  7.83   7.83000000
  7.83   7.83000000
  7.83   7.83000000
  7.83   7.83000000
  7.85   7.85000000
  7.85   7.85000000
  7.85   7.85000000
  7.85   7.85000000
  7.87   7.87000000
  7.87   7.87000000
  7.87   7.87000000
  7.87   7.87000000
  7.87   7.87000000
  7.87   7.89000000
  7.89   7.89000000
  7.89   7.89000000
  7.89   7.89000000
  7.89   7.91000000
  7.91   7.91000000
  7.91   7.91000000
  7.91   7.91000000
  7.91   7.93000000
  7.93   7.93000000
  7.93   7.93000000
  7.93   7.95000000
  7.95   7.95000000
  7.95   7.95000000
  7.95   7.95000000
  7.95   7.95000000
  7.97   7.97000000
  7.97   7.97000000
  7.97   7.97000000
  7.97   7.97000000
  7.97   7.97000000
  7.97   7.97000000
  7.97   7.97000000
  7.99   7.99000000
  7.99   7.99000000
  7.99   7.99000000
  7.99   7.99000000
  7.99   7.99000000
  7.99   7.99000000
  7.99   7.99000000
  7.99   7.99000000
  7.99   7.99000000
  7.99   7.99000000
  7.99   7.99000000
  7.99   8.01000000
  8.01   8.01000000
  8.01   8.01000000
  8.01   8.03000000
  8.03   8.03000000
  8.03   8.03000000
  8.03   8.05000000
  8.05   8.05000000
  8.05   8.05000000
  8.05   8.05000000
  8.05   8.05000000
  8.07   8.07000000
  8.07   8.07000000
  8.07   8.07000000
  8.07   8.07000000
  8.09   8.09000000
  8.09   8.09000000
  8.09   8.09000000
  8.09   8.09000000
  8.09   8.09000000
  8.09   8.11000000
  8.11   8.11000000
  8.11   8.11000000
  8.11   8.11000000
  8.13   8.13000000
  8.13   8.13000000
  8.13   8.15000000
  8.15   8.15000000
  8.15   8.15000000
  8.15   8.15000000
  8.15   8.15000000
  8.17   8.17000000
  8.17   8.17000000
  8.17   8.19000000
  8.19   8.19000000
  8.19   8.19000000
  8.19   8.19000000
  8.21   8.21000000
  8.21   8.21000000
  8.21   8.21000000
  8.21   8.21000000
  8.23   8.23000000
  8.23   8.23000000
  8.23   8.23000000
  8.23   8.23000000
  8.23   8.23000000
  8.23   8.23000000
  8.23   8.23000000
  8.23   8.23000000
  8.23   8.23000000
  8.23   8.23000000
  8.23   8.23000000
  8.23   8.23000000
  8.23   8.23000000
  8.23   8.25000000
  8.25   8.25000000
  8.25   8.25000000
  8.25   8.25000000
  8.25   8.25000000
  8.25   8.25000000
  8.25   8.25000000
  8.25   8.25000000
  8.25   8.25000000
  8.25   8.25000000
  8.25   8.25000000
  8.25   8.25000000
  8.25   8.25000000
  8.25   8.25000000
  8.25   8.25000000
  8.27   8.27000000
  8.27   8.27000000
  8.27   8.29000000
  8.29   8.29000000
  8.29   8.29000000
  8.29   8.29000000
  8.29   8.31000000
  8.31   8.31000000
  8.31   8.31000000
  8.31   8.31000000
  8.31   8.31000000
  8.33   8.33000000
  8.33   8.33000000
  8.33   8.35000000
  8.35   8.35000000
  8.35   8.35000000
  8.35   8.35000000
  8.35   8.35000000
  8.37   8.37000000
  8.37   8.37000000
  8.37   8.37000000
  8.37   8.37000000
  8.37   8.37000000
  8.37   8.39000000
  8.39   8.39000000
  8.39   8.39000000
  8.39   8.39000000
  8.39   8.39000000
  8.39   8.39000000
  8.39   8.39000000
  8.39   8.39000000
  8.41   8.41000000
  8.41   8.41000000
  8.41   8.41000000
  8.41   8.41000000
  8.41   8.41000000
  8.41   8.41000000
  8.41   8.41000000
  8.41   8.41000000
  8.41   8.41000000
  8.43   8.43000000
  8.43   8.43000000
  8.43   8.43000000
  8.43   8.43000000
  8.43   8.43000000
  8.43   8.43000000
  8.43   8.43000000
  8.43   8.43000000
  8.43   8.43000000
  8.45   8.45000000
  8.45   8.45000000
  8.45   8.45000000
  8.45   8.45000000
  8.45   8.45000000
  8.45   8.45000000
  8.45   8.45000000
  8.45   8.45000000
  8.45   8.45000000
  8.47   8.47000000
  8.47   8.47000000
  8.47   8.47000000
  8.47   8.47000000
  8.47   8.47000000
  8.47   8.47000000
  8.47   8.47000000
  8.47   8.47000000
  8.47   8.47000000
  8.47   8.47000000
  8.49   8.49000000
  8.49   8.49000000
  8.49   8.49000000
  8.49   8.49000000
  8.49   8.49000000
  8.49   8.49000000
  8.49   8.49000000
  8.49   8.49000000
  8.49   8.49000000
  8.49   8.49000000
  8.51   8.51000000
  8.51   8.51000000
  8.51   8.51000000
  8.51   8.51000000
  8.51   8.51000000
  8.51   8.51000000
  8.51   8.51000000
  8.51   8.51000000
  8.51   8.51000000
  8.51   8.51000000
  8.51   8.51000000
  8.51   8.51000000
  8.53   8.53000000
  8.53   8.53000000
  8.53   8.53000000
  8.53   8.53000000
  8.53   8.53000000
  8.53   8.53000000
  8.53   8.53000000
  8.53   8.53000000
  8.53   8.53000000
  8.53   8.53000000
  8.53   8.53000000
  8.53   8.53000000
  8.53   8.53000000
  8.53   8.53000000
  8.55   8.55000000
  8.55   8.55000000
  8.55   8.55000000
  8.55   8.55000000
  8.55   8.55000000
  8.55   8.55000000
  8.55   8.55000000
  8.55   8.55000000
  8.55   8.55000000
  8.55   8.55000000
  8.55   8.55000000
  8.55   8.55000000
  8.55   8.55000000
  8.55   8.55000000
  8.55   8.55000000
  8.55   8.55000000
  8.55   8.55000000
  8.55   8.55000000
  8.55   8.55000000
  8.55   8.55000000
  8.55   8.55000000
  8.55   8.55000000
  8.55   8.55000000
  8.55   8.55000000
  8.55   8.55000000
  8.55   8.55000000
  8.55   8.55000000
  8.55   8.55000000
  8.55   8.57000000
  8.57   8.57000000
  8.57   8.57000000
  8.57   8.57000000
  8.57   8.57000000
  8.57   8.57000000
  8.57   8.57000000
  8.57   8.57000000
  8.57   8.57000000
  8.57   8.57000000
  8.57   8.57000000
  8.57   8.57000000
  8.57   8.57000000
  8.57   8.57000000
  8.57   8.57000000
  8.57   8.57000000
  8.57   8.57000000
  8.59   8.59000000
  8.59   8.59000000
  8.59   8.59000000
  8.59   8.59000000
  8.59   8.59000000
  8.59   8.59000000
  8.59   8.59000000
  8.59   8.59000000
  8.59   8.59000000
  8.59   8.59000000
  8.59   8.61000000
  8.61   8.61000000
  8.61   8.61000000
  8.61   8.61000000
  8.61   8.61000000
  8.61   8.61000000
  8.63   8.63000000
  8.63   8.63000000
  8.65   8.67000000
  8.69   8.71000000
  8.87   8.89000000
  8.91   8.95000000
  8.97   8.97000000
  8.97   8.97000000
  8.99   8.99000000
  8.99   8.99000000
  8.99   8.99000000
  8.99   8.99000000
  8.99   8.99000000
  8.99   9.01000000
  9.01   9.01000000
  9.01   9.01000000
  9.01   9.01000000
  9.01   9.01000000
  9.01   9.01000000
  9.01   9.01000000
  9.01   9.01000000
  9.01   9.01000000
  9.01   9.01000000
  9.03   9.03000000
  9.03   9.03000000
  9.03   9.03000000
  9.03   9.03000000
  9.03   9.03000000
  9.03   9.03000000
  9.03   9.03000000
  9.03   9.03000000
  9.03   9.03000000
  9.03   9.03000000
  9.03   9.03000000
  9.03   9.03000000
  9.03   9.03000000
  9.03   9.05000000
  9.05   9.05000000
  9.05   9.05000000
  9.05   9.05000000
  9.05   9.05000000
  9.05   9.05000000
  9.05   9.05000000
  9.05   9.05000000
  9.05   9.05000000
  9.05   9.05000000
  9.05   9.05000000
  9.05   9.05000000
  9.05   9.05000000
  9.05   9.05000000
  9.05   9.05000000
  9.05   9.05000000
  9.05   9.07000000
  9.07   9.07000000
  9.07   9.07000000
  9.07   9.07000000
  9.07   9.07000000
  9.07   9.07000000
  9.07   9.07000000
  9.07   9.07000000
  9.07   9.07000000
  9.07   9.07000000
  9.07   9.07000000
  9.07   9.07000000
  9.07   9.07000000
  9.07   9.07000000
  9.07   9.07000000
  9.07   9.07000000
  9.07   9.07000000
  9.07   9.07000000
  9.07   9.07000000
  9.09   9.09000000
  9.09   9.09000000
  9.09   9.09000000
  9.09   9.09000000
  9.09   9.09000000
  9.09   9.09000000
  9.09   9.09000000
  9.09   9.09000000
  9.09   9.09000000
  9.09   9.09000000
  9.09   9.09000000
  9.09   9.09000000
  9.09   9.09000000
  9.09   9.09000000
  9.09   9.11000000
  9.11   9.11000000
  9.11   9.11000000
  9.11   9.11000000
  9.11   9.11000000
  9.11   9.11000000
  9.11   9.11000000
  9.13   9.13000000
  9.13   9.13000000
  9.13   9.13000000
  9.13   9.13000000
  9.13   9.13000000
  9.13   9.15000000
  9.15   9.15000000
  9.15   9.15000000
  9.15   9.15000000
  9.15   9.15000000
  9.15   9.17000000
  9.17   9.17000000
  9.17   9.17000000
  9.17   9.17000000
  9.17   9.17000000
  9.17   9.17000000
  9.19   9.19000000
  9.19   9.19000000
  9.19   9.19000000
  9.19   9.19000000
  9.19   9.21000000
  9.21   9.21000000
  9.21   9.21000000
  9.21   9.21000000
  9.21   9.21000000
  9.21   9.21000000
  9.23   9.23000000
  9.23   9.23000000
  9.23   9.23000000
  9.23   9.23000000
  9.25   9.25000000
  9.25   9.25000000
  9.25   9.25000000
  9.25   9.25000000
  9.27   9.27000000
  9.27   9.27000000
  9.27   9.27000000
  9.27   9.27000000
  9.27   9.29000000
  9.29   9.29000000
  9.29   9.31000000
  9.31   9.31000000
  9.31   9.31000000
  9.33   9.33000000
  9.33   9.33000000
  9.33   9.33000000
  9.33   9.35000000
  9.35   9.37000000
  9.37   9.37000000
  9.37   9.37000000
  9.37   9.37000000
  9.39   9.39000000
  9.39   9.39000000
  9.39   9.41000000
  9.41   9.41000000
  9.41   9.43000000
  9.43   9.43000000
  9.43   9.43000000
  9.43   9.45000000
  9.45   9.45000000
  9.45   9.45000000
  9.47   9.47000000
  9.47   9.49000000
  9.51   9.51000000
  9.53   9.53000000
  9.53   9.53000000
  9.53   9.53000000
  9.53   9.55000000
  9.55   9.55000000
  9.55   9.55000000
  9.55   9.55000000
  9.57   9.57000000
  9.57   9.57000000
  9.57   9.57000000
  9.57   9.57000000
  9.57   9.57000000
  9.59   9.59000000
  9.59   9.59000000
  9.59   9.59000000
  9.59   9.59000000
  9.59   9.59000000
  9.59   9.59000000
  9.59   9.59000000
  9.59   9.59000000
  9.59   9.59000000
  9.59   9.61000000
  9.61   9.61000000
  9.61   9.61000000
  9.61   9.61000000
  9.61   9.61000000
  9.61   9.61000000
  9.61   9.61000000
  9.61   9.61000000
  9.61   9.61000000
  9.61   9.61000000
  9.61   9.61000000
  9.61   9.61000000
  9.61   9.61000000
  9.61   9.61000000
  9.61   9.61000000
  9.61   9.61000000
  9.61   9.61000000
  9.63   9.63000000
  9.63   9.63000000
  9.63   9.63000000
  9.63   9.63000000
  9.63   9.63000000
  9.63   9.63000000
  9.63   9.63000000
  9.63   9.63000000
  9.63   9.63000000
  9.63   9.63000000
  9.63   9.63000000
  9.63   9.63000000
  9.63   9.63000000
  9.65   9.65000000
  9.65   9.65000000
  9.65   9.65000000
  9.65   9.65000000
  9.67   9.67000000
  9.67   9.69000000
  9.69   9.71000000
  9.71   9.99000000
  9.99  10.03000000
 10.05  10.05000000
 10.05  10.05000000
 10.07  10.07000000
 10.07  10.07000000
 10.07  10.07000000
 10.07  10.07000000
 10.09  10.09000000
 10.09  10.09000000
 10.09  10.09000000
 10.09  10.09000000
 10.09  10.11000000
 10.13  10.13000000
 10.13  10.13000000
 10.13  10.13000000
 10.13  10.13000000
 10.13  10.13000000
 10.13  10.13000000
 10.13  10.13000000
 10.13  10.13000000
 10.13  10.13000000
 10.13  10.15000000
 10.15  10.15000000
 10.17  10.17000000
 10.17  10.19000000
 10.19  10.19000000
 10.19  10.19000000
 10.19  10.19000000
 10.19  10.19000000
 10.19  10.19000000
 10.19  10.19000000
 10.19  10.23000000
 10.23  10.23000000
 10.23  10.23000000
 10.23  10.23000000
 10.23  10.23000000
 10.23  10.23000000
 10.23  10.25000000
 10.25  10.25000000
 10.25  10.25000000
 10.27  10.27000000
 10.27  10.29000000
 10.31  10.55000000
 10.57  10.57000000
 10.57  10.59000000
 10.59  10.61000000
 10.61  10.61000000
 10.61  10.61000000
 10.61  10.61000000
 10.61  10.61000000
 10.63  10.63000000
 10.63  10.63000000
 10.63  10.63000000
 10.63  10.63000000
 10.63  10.63000000
 10.63  10.63000000
 10.63  10.65000000
 10.65  10.65000000
 10.65  10.65000000
 10.65  10.65000000
 10.65  10.65000000
 10.65  10.65000000
 10.65  10.65000000
 10.65  10.65000000
 10.65  10.65000000
 10.65  10.65000000
 10.65  10.67000000
 10.67  10.67000000
 10.67  10.67000000
 10.67  10.67000000
 10.67  10.67000000
 10.67  10.67000000
 10.67  10.67000000
 10.67  10.67000000
 10.67  10.67000000
 10.67  10.67000000
 10.67  10.67000000
 10.67  10.67000000
 10.67  10.67000000
 10.67  10.67000000
 10.67  10.67000000
 10.67  10.67000000
 10.67  10.67000000
 10.67  10.67000000
 10.67  10.67000000
 10.67  10.67000000
 10.67  10.67000000
 10.67  10.67000000
 10.67  10.67000000
 10.67  10.67000000
 10.67  10.67000000
 10.67  10.67000000
 10.67  10.67000000
 10.67  10.67000000
 10.67  10.67000000
 10.67  10.67000000
 10.67  10.67000000
 10.67  10.67000000
 10.67  10.67000000
 10.69  10.69000000
 10.69  10.69000000
 10.69  10.69000000
 10.69  10.69000000
 10.69  10.69000000
 10.69  10.69000000
 10.69  10.69000000
 10.69  10.69000000
 10.69  10.69000000
 10.69  10.69000000
 10.69  10.69000000
 10.69  10.69000000
 10.69  10.69000000
 10.69  10.69000000
 10.69  10.69000000
 10.69  10.69000000
 10.69  10.69000000
 10.69  10.69000000
 10.69  10.69000000
 10.69  10.69000000
 10.69  10.69000000
 10.69  10.69000000
 10.69  10.69000000
 10.69  10.69000000
 10.69  10.69000000
 10.69  10.69000000
 10.69  10.69000000
 10.69  10.69000000
 10.69  10.69000000
 10.69  10.69000000
 10.69  10.71000000
 10.71  10.71000000
 10.71  10.71000000
 10.71  10.71000000
 10.71  10.71000000
 10.71  10.71000000
 10.71  10.71000000
 10.71  10.71000000
 10.71  10.71000000
 10.71  10.71000000
 10.71  10.71000000
 10.73  10.73000000
 10.73  10.73000000
 10.73  10.73000000
 10.73  10.73000000
 10.73  10.73000000
 10.73  10.73000000
 10.75  10.75000000
 10.75  10.75000000
 10.75  10.75000000
 10.75  10.77000000
 10.77  10.77000000
 10.77  10.77000000
 10.79  10.79000000
 10.79  10.79000000
 10.79  10.79000000
 10.81  10.81000000
 10.81  10.83000000
 10.83  10.83000000
 10.83  10.85000000
 10.85  10.97000000
 10.99  11.01000000
 11.03  11.03000000
 11.15  11.17000000
 11.17  11.19000000
 11.21  11.21000000
 11.23  11.23000000
 11.25  11.25000000
 11.25  11.27000000
 11.27  11.27000000
 11.29  11.29000000
 11.29  11.29000000
 11.29  11.31000000
 11.31  11.31000000
 11.31  11.31000000
 11.33  11.33000000
 11.33  11.33000000
 11.33  11.33000000
 11.33  11.33000000
 11.35  11.35000000
 11.35  11.35000000
 11.35  11.35000000
 11.35  11.35000000
 11.35  11.35000000
 11.35  11.35000000
 11.35  11.35000000
 11.35  11.35000000
 11.35  11.35000000
 11.35  11.37000000
 11.37  11.37000000
 11.37  11.37000000
 11.37  11.37000000
 11.37  11.37000000
 11.37  11.37000000
 11.37  11.37000000
 11.37  11.37000000
 11.37  11.37000000
 11.37  11.37000000
 11.37  11.37000000
 11.37  11.37000000
 11.37  11.37000000
 11.37  11.37000000
 11.37  11.37000000
 11.37  11.37000000
 11.37  11.37000000
 11.37  11.37000000
 11.37  11.37000000
 11.37  11.37000000
 11.37  11.37000000
 11.37  11.39000000
 11.39  11.39000000
 11.39  11.39000000
 11.39  11.39000000
 11.39  11.39000000
 11.39  11.39000000
 11.39  11.39000000
 11.39  11.39000000
 11.39  11.39000000
 11.39  11.39000000
 11.39  11.39000000
 11.39  11.39000000
 11.39  11.39000000
 11.39  11.39000000
 11.39  11.39000000
 11.39  11.39000000
 11.39  11.39000000
 11.39  11.39000000
 11.39  11.39000000
 11.39  11.39000000
 11.39  11.39000000
 11.39  11.39000000
 11.39  11.39000000
 11.41  11.41000000
 11.41  11.41000000
 11.41  11.41000000
 11.41  11.41000000
 11.41  11.41000000
 11.41  11.41000000
 11.41  11.41000000
 11.41  11.41000000
 11.41  11.41000000
 11.41  11.41000000
 11.41  11.41000000
 11.41  11.41000000
 11.41  11.41000000
 11.41  11.41000000
 11.41  11.41000000
 11.41  11.41000000
 11.41  11.41000000
 11.41  11.41000000
 11.41  11.41000000
 11.41  11.41000000
 11.41  11.41000000
 11.41  11.41000000
 11.41  11.41000000
 11.41  11.41000000
 11.43  11.43000000
 11.43  11.43000000
 11.43  11.43000000
 11.43  11.43000000
 11.43  11.43000000
 11.43  11.43000000
 11.43  11.43000000
 11.43  11.43000000
 11.43  11.43000000
 11.43  11.43000000
 11.43  11.43000000
 11.43  11.43000000
 11.43  11.43000000
 11.43  11.43000000
 11.43  11.43000000
 11.43  11.43000000
 11.43  11.43000000
 11.43  11.43000000
 11.43  11.43000000
 11.43  11.43000000
 11.43  11.43000000
 11.43  11.43000000
 11.43  11.43000000
 11.43  11.43000000
 11.43  11.43000000
 11.43  11.43000000
 11.45  11.45000000
 11.45  11.45000000
 11.45  11.45000000
 11.45  11.45000000
 11.45  11.45000000
 11.45  11.45000000
 11.45  11.45000000
 11.45  11.47000000
 11.47  11.55000000
 11.57  11.59000000
 11.59  11.59000000
 11.59  11.59000000
 11.59  11.61000000
 11.61  11.61000000
 11.61  11.61000000
 11.61  11.61000000
 11.61  11.63000000
 11.63  11.63000000
 11.65  11.65000000
 11.65  11.65000000
 11.67  11.67000000
 11.67  11.67000000
 11.69  11.69000000
 11.69  11.69000000
 11.69  11.69000000
 11.71  11.71000000
 11.71  11.71000000
 11.71  11.71000000
 11.73  11.73000000
 11.73  11.73000000
 11.73  11.73000000
 11.73  11.73000000
 11.73  11.73000000
 11.75  11.75000000
 11.75  11.75000000
 11.75  11.75000000
 11.75  11.75000000
 11.75  11.77000000
 11.77  11.77000000
 11.77  11.77000000
 11.77  11.77000000
 11.77  11.77000000
 11.77  11.77000000
 11.77  11.79000000
 11.79  11.79000000
 11.79  11.79000000
 11.79  11.79000000
 11.79  11.79000000
 11.79  11.79000000
 11.79  11.79000000
 11.79  11.79000000
 11.81  11.81000000
 11.81  11.81000000
 11.81  11.81000000
 11.81  11.81000000
 11.81  11.81000000
 11.81  11.81000000
 11.81  11.81000000
 11.81  11.81000000
 11.81  11.81000000
 11.81  11.81000000
 11.81  11.81000000
 11.81  11.81000000
 11.81  11.81000000
 11.81  11.81000000
 11.81  11.81000000
 11.81  11.81000000
 11.81  11.81000000
 11.81  11.81000000
 11.81  11.81000000
 11.81  11.81000000
 11.81  11.81000000
 11.81  11.81000000
 11.81  11.81000000
 11.81  11.83000000
 11.83  11.83000000
 11.83  11.83000000
 11.83  11.83000000
 11.83  11.83000000
 11.83  11.83000000
 11.83  11.83000000
 11.83  11.83000000
 11.83  11.83000000
 11.83  11.83000000
 11.83  11.83000000
 11.83  11.83000000
 11.83  11.83000000
 11.83  11.83000000
 11.83  11.83000000
 11.83  11.83000000
 11.83  11.83000000
 11.85  11.85000000
 11.85  11.85000000
 11.85  11.85000000
 11.85  11.85000000
 11.85  11.85000000
 11.85  11.85000000
 11.85  11.85000000
 11.85  11.85000000
 11.85  11.85000000
 11.85  11.87000000
 11.87  11.87000000
 11.87  11.87000000
 11.87  11.87000000
 11.87  11.87000000
 11.87  11.87000000
 11.87  11.87000000
 11.89  11.89000000
 11.89  11.89000000
 11.89  11.89000000
 11.89  11.89000000
 11.91  11.91000000
 11.93  11.95000000
 12.01  12.01000000
 12.05  12.07000000
 12.09  12.09000000
 12.11  12.11000000
 12.11  12.11000000
 12.11  12.13000000
 12.13  12.13000000
 12.13  12.13000000
 12.13  12.13000000
 12.13  12.13000000
 12.15  12.15000000
 12.15  12.15000000
 12.15  12.15000000
 12.15  12.15000000
 12.17  12.17000000
 12.17  12.17000000
 12.17  12.17000000
 12.17  12.17000000
 12.19  12.19000000
 12.19  12.19000000
 12.19  12.19000000
 12.19  12.19000000
 12.19  12.19000000
 12.19  12.19000000
 12.21  12.21000000
 12.21  12.21000000
 12.21  12.21000000
 12.21  12.21000000
 12.21  12.21000000
 12.21  12.21000000
 12.21  12.21000000
 12.21  12.21000000
 12.21  12.21000000
 12.23  12.23000000
 12.23  12.23000000
 12.23  12.23000000
 12.23  12.23000000
 12.23  12.23000000
 12.23  12.23000000
 12.23  12.23000000
 12.23  12.23000000
 12.23  12.23000000
 12.23  12.23000000
 12.23  12.23000000
 12.23  12.23000000
 12.23  12.23000000
 12.23  12.23000000
 12.23  12.25000000
 12.25  12.25000000
 12.25  12.25000000
 12.25  12.25000000
 12.25  12.25000000
 12.25  12.25000000
 12.25  12.25000000
 12.25  12.25000000
 12.25  12.25000000
 12.25  12.25000000
 12.25  12.25000000
 12.25  12.25000000
 12.25  12.25000000
 12.25  12.25000000
 12.25  12.25000000
 12.25  12.25000000
 12.25  12.25000000
 12.25  12.27000000
 12.27  12.27000000
 12.27  12.27000000
 12.27  12.27000000
 12.27  12.27000000
 12.27  12.27000000
 12.27  12.27000000
 12.27  12.27000000
 12.27  12.27000000
 12.27  12.27000000
 12.27  12.27000000
 12.27  12.27000000
 12.27  12.27000000
 12.27  12.27000000
 12.27  12.29000000
 12.29  12.29000000
 12.29  12.29000000
 12.29  12.29000000
 12.29  12.29000000
 12.29  12.29000000
 12.29  12.29000000
 12.29  12.29000000
 12.29  12.29000000
 12.29  12.29000000
 12.29  12.29000000
 12.29  12.29000000
 12.29  12.29000000
 12.29  12.29000000
 12.29  12.31000000
 12.31  12.31000000
 12.31  12.31000000
 12.31  12.31000000
 12.31  12.31000000
 12.31  12.31000000
 12.31  12.31000000
 12.31  12.31000000
 12.31  12.31000000
 12.31  12.31000000
 12.31  12.31000000
 12.31  12.31000000
 12.31  12.31000000
 12.31  12.31000000
 12.31  12.33000000
 12.33  12.33000000
 12.33  12.33000000
 12.33  12.33000000
 12.33  12.33000000
 12.33  12.33000000
 12.33  12.33000000
 12.33  12.33000000
 12.33  12.33000000
 12.33  12.33000000
 12.33  12.33000000
 12.35  12.35000000
 12.35  12.35000000
 12.35  12.35000000
 12.35  12.35000000
 12.35  12.35000000
 12.35  12.35000000
 12.35  12.35000000
 12.35  12.35000000
 12.35  12.37000000
 12.37  12.37000000
 12.37  12.37000000
 12.37  12.37000000
 12.37  12.37000000
 12.37  12.37000000
 12.37  12.37000000
 12.37  12.39000000
 12.39  12.39000000
 12.39  12.39000000
 12.39  12.39000000
 12.39  12.39000000
 12.39  12.39000000
 12.39  12.39000000
 12.39  12.39000000
 12.39  12.41000000
 12.41  12.41000000
 12.41  12.41000000
 12.41  12.41000000
 12.41  12.41000000
 12.41  12.41000000
 12.41  12.41000000
 12.41  12.41000000
 12.41  12.41000000
 12.41  12.43000000
 12.43  12.43000000
 12.43  12.43000000
 12.43  12.43000000
 12.43  12.43000000
 12.43  12.43000000
 12.43  12.43000000
 12.43  12.43000000
 12.43  12.43000000
 12.43  12.43000000
 12.45  12.45000000
 12.45  12.45000000
 12.45  12.45000000
 12.45  12.45000000
 12.45  12.45000000
 12.47  12.49000000
 12.59  12.61000000
 12.85  12.87000000
 12.93  12.93000000
 12.95  12.95000000
 12.95  12.97000000
 12.97  12.97000000
 12.97  12.99000000
 12.99  12.99000000
 12.99  12.99000000
 13.01  13.01000000
 13.01  13.03000000
  0.00   0.02443793
  8.43   8.43108504
  8.38  12.34115347
 12.41  12.46334311
 12.49  12.48778104
 12.56  22.43401760
 22.51  22.70283480
 22.51  22.53176931
 22.56  22.67839687
 22.51  22.53176931
 22.56  22.58064516
 14.61  22.48289345
 22.51  22.53176931
 22.56  22.58064516
 14.64  22.45845552
 22.48  22.40957967
 22.43  22.31182796
 22.34  22.36070381
 22.39  22.40957967
 22.21  22.23851417
 22.26  22.28739003
 22.31  22.36070381
 22.39  22.11632454
 22.14  22.16520039
 22.19  22.21407625
 22.29  21.94525904
 21.97  21.99413490
 22.02  22.04301075
 22.07  22.09188661
 22.14  22.16520039
 21.75  21.89638319
 21.92  21.94525904
 21.97  21.99413490
 22.02  21.67644184
 21.80  21.82306940
 21.85  21.87194526
 21.63  21.65200391
 21.68  21.70087977
 21.73  21.77419355
 21.41  21.43206256
 21.51  21.52981427
 21.55  21.57869013
 21.60  21.62756598
 21.65  21.43206256
 21.46  21.48093842
 21.51  21.52981427
 21.36  21.38318671
 21.41  21.43206256
 21.29  21.30987292
 21.36  21.18768328
 21.29  20.99217986
 21.09  21.18768328
 21.21  20.99217986
 21.09  21.11436950
 20.89  20.99217986
 21.02  20.82111437
 20.89  21.01661779
 20.75  20.79667644
 20.89  20.67448680
 20.70  20.72336266
 20.77  20.55229717
 20.58  20.60117302
 20.63  20.72336266
 20.43  20.45454545
 20.48  20.50342131
 20.21  20.23460411
 20.26  20.28347996
 20.31  20.33235582
 20.36  20.03910068
 20.06  20.08797654
 20.11  20.13685239
 20.16  19.86803519
 19.89  19.91691105
 19.94  19.96578690
 11.97  19.67253177
 19.70  19.72140762
 19.75  19.77028348
 19.79  19.81915934
 19.53  19.55034213
 19.57  19.59921799
 19.62  19.64809384
 19.35  19.37927664
 19.40  19.42815249
 19.45  19.47702835
 19.50  19.18377322
 19.21  19.23264907
 19.26  19.28152493
 19.31  19.33040078
 19.01  19.03714565
 19.06  19.08602151
 19.11  19.13489736
 19.16  19.18377322
 18.89  18.91495601
 18.94  18.96383187
 18.99  19.01270772
 19.04  19.06158358
 19.09  18.76832845
 18.82  18.86608016
 18.89  18.91495601
 18.94  18.96383187
 18.99  19.01270772
 19.04  18.57282502
 18.60  18.62170088
 18.67  18.69501466
 18.72  18.74389052
 18.77  18.79276637
 18.84  18.52394917
 18.55  18.57282502
 18.60  18.62170088
 18.67  18.69501466
 18.30  18.35288368
 18.38  18.40175953
 18.43  18.45063539
 18.48  18.49951124
 18.52  18.15738025
 18.18  18.20625611
 18.23  18.25513196
 18.28  18.30400782
 18.33  18.35288368
 18.38  18.08406647
 18.11  18.13294233
 18.16  18.18181818
 18.21  18.23069404
 18.28  18.03519062
 18.06  18.08406647
 18.11  18.13294233
 17.94  17.96187683
 17.99  18.01075269
 18.04  17.83968719
 17.86  17.88856305
 17.91  17.98631476
 17.67  17.74193548
 17.82  17.54643206
 17.62  17.64418377
 17.69  17.71749756
 17.79  17.42424242
 17.52  17.59530792
 17.69  17.32649071
 17.42  17.49755621
 17.57  17.30205279
 17.38  17.39980450
 17.13  17.20430108
 17.25  17.27761486
 17.35   9.55522972
 17.11  17.13098729
 17.16  17.17986315
 17.20  17.22873900
 16.98  17.00879765
 17.03  17.05767351
 17.08  17.10654936
 16.86  16.88660802
 16.91  16.93548387
 16.96  16.98435973
 16.79  16.81329423
 16.84  16.86217009
 16.89  16.66666667
 16.69  16.71554252
 16.74  16.76441838
 16.79  16.59335288
 16.62  16.64222874
 16.67  16.69110459
 16.72  16.52003910
 16.54  16.56891496
 16.59  16.61779081
 16.64  16.44672532
 16.47  16.49560117
 16.52  16.54447703
 16.37  16.39784946
 16.42  16.44672532
 16.47  16.27565982
 16.30  16.32453568
 16.35  16.37341153
 16.15  16.17790811
 16.20  16.22678397
 16.25  16.27565982
  7.94  16.03128055
 16.06  16.08015640
 16.10  16.12903226
 16.15  16.22678397
  7.89  15.90909091
 15.93  15.95796676
 15.98  16.00684262
 16.03  16.05571848
  7.87  15.76246334
 15.79  15.81133920
 15.84  15.86021505
 15.88  15.90909091
 15.93   7.82013685
 15.62  15.64027370
 15.66  15.68914956
 15.71  15.73802542
 15.76   7.77126100
 15.47  15.49364614
 15.52  15.54252199
 15.57  15.59139785
 15.62   7.72238514
 15.32  15.34701857
 15.37  15.39589443
 15.42  15.44477028
 15.47   7.67350929
 15.20  15.22482893
 15.25  15.27370479
 15.30  15.32258065
  7.65  15.05376344
 15.08  15.10263930
 15.13  15.15151515
 15.18  14.93157380
 14.98  15.00488759
 15.03  15.05376344
 15.08  14.78494624
 14.88  14.90713587
 14.93  14.95601173
 14.76  14.83382209
 14.86  14.88269795
 14.66  14.73607038
 14.76  14.78494624
 14.81  14.56500489
 14.66  14.71163245
 14.76  14.46725318
 14.57  14.58944282
 14.64  14.71163245
 14.49  14.56500489
 14.61  14.41837732
 14.47  14.49169110
 14.54  14.29618768
 14.35  14.36950147
 14.39  14.41837732
 14.27  14.29618768
 14.32  14.34506354
 14.17  14.19843597
 14.22  14.24731183
 14.27  14.07624633
 14.10  14.12512219
 14.15  14.17399804
 14.20  14.22287390
 13.98  14.00293255
 14.03  14.05180841
 14.08  14.10068426
 14.13  14.14956012
 13.86  13.88074291
 13.91  13.92961877
 13.95  13.97849462
 14.00  14.02737048
 14.05  13.73411535
 13.76  13.78299120
 13.81  13.83186706
 13.86  13.88074291
 13.91  13.92961877
 13.61  13.63636364
 13.66  13.68523949
 13.71  13.73411535
 13.76  13.78299120
 13.81  13.48973607
 13.51  13.53861193
 13.56  13.58748778
 13.61  13.63636364
 13.66  13.68523949
 13.39  13.41642229
 13.44  13.46529814
 13.49  13.51417400
 13.54  13.26979472
 13.29  13.31867058
 13.34  13.36754643
 13.39  13.41642229
 13.20  13.22091887
 13.25  13.26979472
 13.29  12.92766373
 13.07  13.12316716
 13.15  13.17204301
 13.20  13.02541544
 13.05  13.07429130
 13.10  13.12316716
 12.95  12.97653959
 13.00  13.02541544
 12.85  12.90322581
 12.93  12.95210166
 12.76  12.78103617
 12.83  12.85434995
 12.88  12.90322581
 12.68  12.70772239
 12.78  12.80547410
 12.83  12.63440860
 12.71  12.73216031
 12.76  12.56109482
 12.63  12.65884653
 12.68  12.70772239
 12.51  12.53665689
 12.59  12.60997067
 12.63  12.48778104
 12.51  12.53665689
 12.56  12.58553275
 12.44  12.46334311
 12.49  12.51221896
 12.41  12.43890518
 12.46  12.36559140
 12.39  12.41446725
 12.32  12.34115347
 12.37  12.26783969
 12.29  12.31671554
 12.22  12.24340176
 12.27  12.14565005
 12.17  12.19452590
 12.22  12.24340176
 12.27  12.09677419
 12.12  12.14565005
 12.17  12.19452590
 12.24  12.02346041
 12.05  12.07233627
 12.10  12.12121212
 12.15  11.95014663
 11.97  11.99902248
 12.02  12.04789834
 12.07  11.85239492
 11.88  11.90127077
 11.93  11.95014663
 11.97  11.99902248
 11.78  11.80351906
 11.83  11.85239492
 11.88  11.90127077
 11.93  11.68132942
 11.71  11.73020528
 11.75  11.77908113
 11.80  11.58357771
 11.61  11.63245357
 11.66  11.68132942
 11.71  11.73020528
 11.51  11.53470186
 11.56  11.58357771
 11.61  11.41251222
 11.44  11.46138807
 11.49  11.51026393
 11.31  11.33919844
 11.36  11.38807429
 11.41  11.21700880
 11.24  11.26588465
 11.29  11.31476051
 11.34  11.11925709
 11.14  11.16813294
 11.19  11.21700880
 11.24  10.99706745
 11.02  11.04594330
 11.07  11.09481916
 11.12  11.14369501
 10.90  10.92375367
 10.95  10.97262952
 11.00  11.02150538
 11.05  11.07038123
 11.09  10.80156403
 10.83  10.85043988
 10.87  10.89931574
 10.92  10.94819159
 10.97  10.99706745
 10.73  10.75268817
 10.78  10.80156403
 10.83  10.85043988
 10.87  10.89931574
 10.65  10.67937439
 10.70  10.72825024
 10.75  10.77712610
 10.80  10.58162268
 10.61  10.63049853
 10.65  10.67937439
 10.70  10.50830890
 10.53  10.55718475
 10.58  10.60606061
 10.41  10.43499511
 10.46  10.48387097
 10.51  10.36168133
 10.39  10.41055718
 10.43  10.21505376
 10.29  10.31280547
 10.34  10.36168133
 10.39  10.21505376
 10.29  10.33724340
 10.36  10.11730205
 10.14  10.21505376
 10.24  10.28836755
 10.31  10.04398827
 10.07  10.14173998
 10.17  10.23949169
 10.00  10.09286413
 10.17   9.92179863
 10.02  10.04398827
 10.12  10.19061584
  9.95   9.97067449
 10.04  10.09286413
  9.90   9.92179863
  9.97   9.84848485
  9.87   9.89736070
  9.92   9.77517107
  9.80   9.82404692
  9.85   9.72629521
  9.75   9.77517107
  9.80   9.65298143
  9.68   9.70185728
  9.73   9.75073314
  9.78   9.79960899
  9.58   9.60410557
  9.63   9.65298143
  9.68   9.70185728
  9.73   9.75073314
  9.78   9.53079179
  9.56   9.57966764
  9.60   9.62854350
  9.65   9.67741935
  9.70   9.72629521
  9.75   9.48191593
  9.51   9.53079179
  9.56   9.57966764
  9.60   9.62854350
  9.65   9.67741935
  9.48   9.50635386
  9.53   9.55522972
  9.58   9.60410557
  9.63   9.43304008
  9.46   9.48191593
  9.51   9.53079179
  9.56   9.57966764
  9.60   9.40860215
  9.43   9.45747801
  9.48   9.50635386
  9.53   9.55522972
  9.36   9.38416422
  9.41   9.43304008
  9.46   9.48191593
  9.34   9.35972630
  9.38   9.40860215
  9.43   9.45747801
  9.29   9.31085044
  9.34   9.35972630
  9.38   9.40860215
  9.24   9.26197458
  9.29   9.31085044
  9.34   9.35972630
  9.19   9.21309873
  9.24   9.26197458
  9.29   9.31085044
  9.12   9.13978495
  9.16   9.18866080
  9.21   9.23753666
  9.04   9.06647116
  9.09   9.11534702
  9.14   9.16422287
  8.94   8.96871945
  8.99   9.01759531
  9.04   9.06647116
  8.85   8.87096774
  8.90   8.91984360
  8.94   8.96871945
  8.75   8.77321603
  8.80   8.82209189
  8.85   8.87096774
  8.97   8.65102639
  8.68   8.69990225
  8.72   8.74877810
  8.77   8.60215054
  8.63   8.65102639
  8.68   8.69990225
  8.43   8.50439883
  8.53   8.55327468
  8.58   8.60215054
  8.33   8.40664712
  8.43   8.45552297
  8.48   8.50439883
  8.24   8.33333333
  8.36   8.38220919
  8.41   8.43108504
  8.26   8.28445748
  8.31   8.33333333
  8.36   8.18670577
  8.21   8.23558162
  8.26   8.28445748
  8.11   8.13782991
  8.16   8.18670577
  8.21   8.23558162
  8.11   8.13782991
  8.16   8.06451613
  8.11   8.04007820
  8.06   8.08895406
  7.99   8.01564027
  8.04   8.11339198
  7.94   7.96676442
  7.99   8.06451613
  7.89   7.91788856
  7.94   8.01564027
  8.04   7.84457478
  7.87   7.89345064
  7.94   7.96676442
  7.99   7.79569892
  7.82   7.84457478
  7.89   7.91788856
  7.75   7.77126100
  7.80   7.82013685
  7.92   7.69794721
  7.72   7.74682307
  7.77   7.82013685
  7.65   7.67350929
  7.70   7.72238514
  7.58   7.60019550
  7.62   7.64907136
  7.48   7.50244379
  7.53   7.55131965
  7.58   7.40469208
  7.43   7.45356794
  7.48   7.50244379
  7.53   7.33137830
  7.36   7.38025415
  7.40   7.42913001
  7.45   7.47800587
  7.26   7.28250244
  7.31   7.33137830
  7.36   7.38025415
  7.40   7.42913001
  7.23   7.25806452
  7.28   7.30694037
  7.33   7.35581623
  7.38   7.16031281
  7.21   7.23362659
  7.26   7.28250244
  7.31   7.33137830
  7.16   7.18475073
  7.21   7.23362659
  7.26   7.28250244
  7.14   7.16031281
  7.18   7.20918866
  7.23   7.08699902
  7.11   7.13587488
  7.16   7.18475073
  7.21   7.06256109
  7.09   7.11143695
  7.14   7.16031281
  7.01   7.03812317
  7.06   7.08699902
  7.11   6.98924731
  7.01   7.03812317
  7.06   7.08699902
  6.96   6.98924731
  7.01   7.03812317
  6.92   6.94037146
  6.96   6.98924731
  6.87   6.89149560
  6.92   6.94037146
  6.82   6.84261975
  6.87   6.89149560
  6.79   6.81818182
  6.84   6.74486804
  6.77   6.79374389
  6.70   6.72043011
  6.74   6.64711632
  6.67   6.69599218
  6.60   6.62267840
  6.65   6.54936461
  6.57   6.59824047
  6.62   6.50048876
  6.55   6.57380254
  6.60   6.42717498
  6.45   6.50048876
  6.52   6.54936461
  6.38   6.40273705
  6.48   6.50048876
  6.52   6.35386119
  6.40   6.42717498
  6.45   6.50048876
  6.30   6.37829912
  6.40   6.42717498
  6.45   6.47605083
  6.33   6.35386119
  6.38   6.42717498
  6.45   6.30498534
  6.33   6.37829912
  6.40   6.42717498
  6.26   6.28054741
  6.30   6.35386119
  6.38   6.25610948
  6.30   6.32942326
  6.21   6.23167155
  6.26   6.28054741
  6.16   6.18279570
  6.21   6.23167155
  6.26   6.28054741
  6.30   6.32942326
  6.11   6.13391984
  6.16   6.18279570
  6.21   6.23167155
  6.26   6.06060606
  6.09   6.10948192
  6.13   6.15835777
  6.18   6.01173021
  6.04   6.06060606
  6.09   6.10948192
  5.94   5.96285435
  5.99   6.01173021
  6.04   6.06060606
  5.84   5.86510264
  5.89   5.91397849
  5.94   5.96285435
  5.99   6.01173021
  5.74   5.76735093
  5.79   5.81622678
  5.84   5.86510264
  5.89   5.91397849
  5.94   5.96285435
  5.62   5.64516129
  5.67   5.69403715
  5.72   5.74291300
  5.77   5.79178886
  5.82   5.84066471
  5.87   5.88954057
  5.91   5.93841642
  5.96   5.44965787
  5.47   5.49853372
  5.52   5.54740958
  5.60   5.62072336
  5.65   5.76735093
  5.79   5.81622678
  5.84   5.86510264
  5.89   5.91397849
  5.94   5.96285435
  5.35   5.40078201
  5.43   5.54740958
  5.60   5.62072336
  5.65   5.66959922
  5.69   5.71847507
  5.74   5.76735093
  5.79   5.81622678
  5.87   5.88954057
  5.91   5.93841642
  5.96   5.98729228
  6.01   5.03421310
  5.06   5.08308895
  5.11   5.13196481
  5.16   5.18084066
  5.21   5.25415445
  5.35   5.59628543
  5.65   5.66959922
  5.72   5.74291300
  5.77   5.79178886
  5.82   5.84066471
  5.87   5.88954057
  5.91   5.93841642
  5.96   5.98729228
  6.01   6.03616813
  6.06   4.96089932
  6.01   6.03616813
  6.06   6.08504399
  6.11   6.13391984
  6.16   6.15835777
  6.18   6.20723363
  6.23   6.25610948
  6.28   6.25610948
  6.33   6.40273705
  6.55   6.23167155
  6.35   6.42717498
  6.55   6.35386119
  6.38   6.45161290
  6.52   6.47605083
  6.52   6.54936461
  6.60   6.62267840
  6.60   6.62267840
  6.65   6.67155425
  6.65   6.67155425
  6.70   6.72043011
  6.74   6.76930596
  6.79   6.81818182
  6.67   6.69599218
  6.72   6.74486804
  6.77   6.79374389
  6.89   6.91593353
  6.96   6.98924731
  7.04   3.37243402
  6.65   6.67155425
  6.70   6.74486804
  6.77   6.79374389
  6.82   6.84261975
  6.89   6.98924731
  3.35   6.57380254
  6.60   6.62267840
  6.65   6.67155425
  6.70   3.34799609
  6.45   6.50048876
  6.52   6.54936461
  3.27   3.29912023
  3.32   3.34799609
  6.40   3.37243402
  3.40   3.42130987
  3.45   6.37829912
  3.45   3.49462366
  3.52   6.37829912
  3.42   3.54349951
  3.57   3.59237537
  3.62   3.69012708
  3.71   3.73900293
  3.76   3.78787879
  3.81   3.83675464
  3.86   3.88563050
  3.91   3.93450635
  3.96   3.98338221
  4.01   4.03225806
  4.08   5.13196481
  5.16   5.18084066
  5.21   5.22971652
  5.25   5.27859238
  5.33   4.03225806
  4.06   4.08113392
  4.11   4.13000978
  4.15   4.17888563
  4.20   4.22776149
  4.25   4.27663734
  4.35   4.44770283
  4.52   4.59433040
  4.79   4.81427175
  4.84   4.86314761
  4.89   4.91202346
  4.94   4.96089932
  4.99   5.00977517
  5.03   5.05865103
  5.08   5.10752688
  4.13   4.15444770
  4.18   4.20332356
  4.23   4.25219941
  4.28   4.30107527
  4.33   4.34995112
  4.37   4.39882698
  4.42   4.44770283
  4.47   4.49657869
  4.52   4.54545455
  4.57   4.59433040
  4.62   4.64320626
  4.67   4.69208211
  4.72   4.74095797
  4.77   4.78983382
  4.81   4.83870968
  4.86   4.88758553
  4.91   4.22776149
  4.25   4.27663734
  4.30   4.32551320
  4.35   4.37438905
  4.40   4.42326491
  4.45   4.47214076
  4.52   4.54545455
  4.57   4.59433040
  4.62   4.64320626
  4.67   4.69208211
  4.72   4.74095797
  4.77   4.30107527
  4.33   4.34995112
  4.37   4.39882698
  4.42   4.44770283
  4.47   4.49657869
  4.52   4.54545455
  4.57   4.59433040
  4.62   4.64320626
  4.67   4.34995112
  4.37   4.39882698
  4.42   4.44770283
  4.47   4.49657869
  4.52   4.54545455
  4.57   4.34995112
  4.37   4.39882698
  4.42   4.44770283
  4.47   4.49657869
  4.35   4.37438905
  4.40   4.42326491
  4.45   4.34995112
  4.37   4.39882698
  4.30   4.32551320
  4.37   4.25219941
  4.28   4.30107527
  4.35   4.37438905
  4.18   4.20332356
  4.23   4.25219941
  4.30   4.32551320
  4.13   4.15444770
  4.18   4.20332356
  4.23   4.27663734
  4.30   4.13000978
  4.15   4.17888563
  4.23   4.25219941
  4.08   4.13000978
  4.18   4.20332356
  4.28   4.03225806
  4.08   4.13000978
  4.15   4.22776149
  3.98   4.03225806
  4.08   4.10557185
  3.91   3.93450635
  3.98   4.00782014
  4.03   4.05669599
  4.11   3.86119257
  3.89   3.93450635
  3.96   4.00782014
  4.06   3.81231672
  3.84   3.88563050
  3.91   3.95894428
  3.98   3.76344086
  3.84   3.86119257
  3.89   3.91006843
  3.93   3.78787879
  3.81   3.83675464
  3.86   3.88563050
  3.76   3.78787879
  3.81   3.83675464
  3.71   3.73900293
  3.76   3.78787879
  3.67   3.69012708
  3.71   3.73900293
  3.76   3.64125122
  3.67   3.69012708
  3.71   3.59237537
  3.62   3.64125122
  3.67   3.69012708
  3.57   3.59237537
  3.62   3.64125122
  3.67   3.51906158
  3.54   3.56793744
  3.59   3.61681329
  3.64   3.66568915
  3.69   3.49462366
  3.52   3.54349951
  3.57   3.59237537
  3.62   3.64125122
  3.67   3.44574780
  3.47   3.49462366
  3.52   3.54349951
  3.57   3.59237537
  3.62   3.64125122
  3.67   3.69012708
  3.42   3.44574780
  3.47   3.49462366
  3.52   3.54349951
  3.57   3.59237537
  3.62   3.64125122
  3.67   3.39687195
  3.42   3.44574780
  3.47   3.49462366
  3.52   3.54349951
  3.57   3.59237537
  3.62   3.37243402
  3.40   3.42130987
  3.45   3.47018573
  3.49   3.51906158
  3.54   3.56793744
  3.35   3.37243402
  3.40   3.42130987
  3.45   3.47018573
  3.49   3.51906158
  3.54   3.56793744
  3.35   3.37243402
  3.40   3.42130987
  3.45   3.47018573
  3.49   3.51906158
  3.32   3.34799609
  3.37   3.39687195
  3.42   3.44574780
  3.47   3.32355816
  3.35   3.37243402
  3.40   3.42130987
  3.32   3.34799609
  3.37   3.29912023
  3.32   3.34799609
  3.25   3.27468231
  3.30   3.32355816
  3.23   3.25024438
  3.27   3.29912023
  3.18   3.20136852
  3.23   3.25024438
  3.27   3.15249267
  3.18   3.20136852
  3.23   3.10361681
  3.13   3.15249267
  3.18   3.20136852
  3.08   3.12805474
  3.15   3.17693060
  3.03   3.05474096
  3.08   3.10361681
  3.15   2.98142717
  3.01   3.05474096
  3.08   3.12805474
  2.93   2.95698925
  3.01   3.03030303
  3.05   3.07917889
  3.10   2.90811339
  2.98   3.00586510
  3.03   3.05474096
  3.08   2.85923754
  2.88   2.93255132
  2.96   2.98142717
  3.01   3.03030303
  3.05   2.83479961
  2.88   2.90811339
  2.93   2.95698925
  3.01   2.85923754
  2.88   2.90811339
  2.93   2.95698925
  2.98   2.83479961
  2.86   2.88367546
  2.91   2.93255132
  2.81   2.83479961
  2.86   2.88367546
  2.91   2.93255132
  2.79   2.81036168
  2.83   2.85923754
  2.88   2.90811339
  2.79   2.81036168
  2.83   2.85923754
  2.88   2.76148583
  2.79   2.81036168
  2.83   2.85923754
  2.74   2.76148583
  2.79   2.81036168
  2.83   2.76148583
  2.79   2.81036168
  2.83   2.73704790
  2.76   2.78592375
  2.81   2.71260997
  2.74   2.76148583
  2.79   2.81036168
  2.83   2.68817204
  2.71   2.73704790
  2.76   2.78592375
  2.81   2.83479961
  2.64   2.66373412
  2.69   2.71260997
  2.74   2.76148583
  2.79   2.81036168
  2.83   2.59042033
  2.61   2.63929619
  2.66   2.68817204
  2.71   2.73704790
  2.76   2.78592375
  2.81   2.83479961
  2.86   2.51710655
  2.54   2.56598240
  2.59   2.61485826
  2.64   2.66373412
  2.69   2.71260997
  2.74   2.76148583
  2.79   2.81036168
  2.44   2.46823069
  2.49   2.51710655
  2.54   2.56598240
  2.59   2.61485826
  2.64   2.66373412
  2.69   2.71260997
  2.74   2.39491691
  2.42   2.44379277
  2.47   2.49266862
  2.52   2.54154448
  2.57   2.59042033
  2.61   2.63929619
  2.66   2.68817204
  2.71   2.73704790
  2.27   2.29716520
  2.35   2.37047898
  2.39   2.41935484
  2.44   2.46823069
  2.49   2.51710655
  2.54   2.56598240
  2.59   2.61485826
  2.64   2.66373412
  2.42   2.44379277
  2.47   2.49266862
  2.52   2.54154448
  2.57   2.39491691
  2.47   2.49266862
  2.52   2.39491691
  2.42   2.44379277
  2.47   2.49266862
  2.32   2.34604106
  2.37   2.41935484
  2.44   2.27272727
  2.30   2.32160313
  2.37   2.39491691
  2.42   2.44379277
  2.47   2.32160313
  2.35   2.37047898
  2.39   2.41935484
  2.27   2.29716520
  2.32   2.34604106
  2.37   2.39491691
  2.22   2.24828935
  2.27   2.29716520
  2.32   2.34604106
  2.37   2.19941349
  2.22   2.24828935
  2.27   2.29716520
  2.32   2.34604106
  2.10   2.12609971
  2.15   2.17497556
  2.20   2.22385142
  2.25   2.27272727
  2.30   2.32160313
  2.35   2.22385142
  2.25   2.27272727
  2.30   2.32160313
  2.35   2.27272727
  2.30   2.32160313
  2.35   2.24828935
  2.27   2.29716520
  2.32   2.34604106
  2.37   2.39491691
  2.42   2.22385142
  2.25   2.27272727
  2.30   2.32160313
  2.35   2.37047898
  2.39   2.41935484
  2.20   2.22385142
  2.25   2.27272727
  2.30   2.32160313
  2.35   2.37047898
  2.15   2.17497556
  2.20   2.22385142
  2.25   2.27272727
  2.30   2.32160313
  2.35   2.37047898
  2.39   2.12609971
  2.15   2.17497556
  2.20   2.22385142
  2.25   2.27272727
  2.30   2.07722385
  2.10   2.12609971
  2.15   2.17497556
  2.20   2.22385142
  2.25   2.02834800
  2.05   2.07722385
  2.10   2.12609971
  2.15   1.93059629
  1.96   1.97947214
  2.00   2.02834800
  2.05   2.07722385
  2.10   2.17497556
  1.76   1.78396872
  1.81   1.83284457
  1.86   1.88172043
  1.91   1.93059629
  1.96   1.97947214
  2.00   2.02834800
  2.05   2.07722385
  1.52   1.56402737
  1.59   1.61290323
  1.64   1.66177908
  1.69   1.71065494
  1.74   1.75953079
  1.78   1.80840665
  1.83   1.85728250
  1.88   1.90615836
  1.93   1.95503421
  1.98   2.00391007
  2.03   2.05278592
  2.10   1.93059629
  1.96   1.97947214
  2.00   2.02834800
  2.08   1.95503421
  1.98   2.00391007
  2.03   2.05278592
  2.08   1.93059629
  1.96   1.97947214
  2.00   2.02834800
  2.10   2.12609971
  2.17   2.19941349
  1.91   1.93059629
  1.96   1.97947214
  2.00   2.02834800
  2.05   2.07722385
  1.91   1.93059629
  1.96   1.97947214
  2.00   2.02834800
  2.05   2.07722385
  2.10   2.12609971
  2.15   1.93059629
  1.96   1.97947214
  2.00   2.02834800
  2.05   2.07722385
  1.91   1.93059629
  1.96   1.97947214
  2.15   1.90615836
  1.93   1.95503421
  1.98   2.00391007
  2.03   2.05278592
  2.08   2.10166178
  1.88   1.90615836
  1.93   1.95503421
  2.15   1.83284457
  1.86   1.88172043
  1.91   1.95503421
  1.98   2.00391007
  1.74   1.75953079
  1.78   1.80840665
  1.83   1.85728250
  1.88   2.02834800
  1.12   1.19745846
  1.25   1.31964809
  1.34   1.36852395
  1.39   1.41739980
  1.44   1.46627566
  1.49   1.51515152
  1.54   1.56402737
  1.59   1.61290323
  1.64   1.66177908
  1.69   1.71065494
  1.74   1.75953079
  1.78   1.80840665
  1.83   1.85728250
  2.05   0.97751711
  1.03   1.09970674
  1.15   1.17302053
  1.22   1.24633431
  1.27   1.34408602
  1.37   1.39296188
  1.47   1.49071359
  1.52   1.53958944
  1.56   1.58846530
  1.61   1.63734115
  1.66   1.68621701
  1.71   1.73509286
  1.76   1.78396872
  1.81   1.83284457
  1.86   2.05278592
  1.76   1.78396872
  1.81   1.83284457
  1.86   1.75953079
  1.78   1.80840665
  1.83   1.85728250
  2.03   2.05278592
  2.10   1.78396872
  1.81   1.83284457
  1.88   1.90615836
  1.93   1.95503421
  1.98   2.00391007
  1.78   1.80840665
  1.83   1.85728250
  1.88   1.78396872
  1.81   1.83284457
  1.86   1.88172043
  1.91   1.93059629
  1.96   2.00391007
  1.74   1.75953079
  1.78   1.80840665
  1.83   1.85728250
  1.88   1.90615836
  1.93   1.95503421
  1.98   1.71065494
  1.74   1.75953079
  1.78   1.80840665
  1.83   1.85728250
  1.88   1.90615836
  1.93   1.95503421
  1.98   2.00391007
  2.03   2.05278592
  1.66   1.68621701
  1.71   1.73509286
  1.76   1.78396872
  1.81   1.83284457
  1.86   1.88172043
  1.91   1.93059629
  1.96   1.97947214
  2.00   2.02834800
  2.05   2.07722385
  1.61   1.63734115
  1.66   1.68621701
  1.71   1.73509286
  1.76   1.78396872
  1.81   1.83284457
  1.86   1.88172043
  1.91   1.93059629
  1.96   2.10166178
  2.13   2.19941349
  1.52   1.53958944
  1.56   1.58846530
  1.61   1.63734115
  1.66   1.68621701
  1.71   1.73509286
  1.76   1.78396872
  1.81   1.83284457
  1.86   1.88172043
  1.91   1.95503421
  1.42   1.44183773
  1.47   1.49071359
  1.52   1.53958944
  1.56   1.58846530
  1.61   1.63734115
  1.66   1.68621701
  1.71   1.73509286
  1.76   1.78396872
  1.81   1.90615836
  1.93   1.95503421
  1.30   1.31964809
  1.34   1.36852395
  1.39   1.41739980
  1.44   1.46627566
  1.49   1.51515152
  1.54   1.56402737
  1.59   1.61290323
  1.64   1.66177908
  1.69   1.73509286
  1.76   2.02834800
  1.10   1.12414467
  1.15   1.17302053
  1.20   1.22189638
  1.25   1.27077224
  1.30   1.31964809
  1.34   1.36852395
  1.39   1.41739980
  1.44   1.46627566
  1.49   1.51515152
  1.54   1.56402737
  1.59   1.61290323
  1.66   1.75953079
  0.83   0.85532747
  0.88   0.90420332
  0.93   0.95307918
  0.98   1.00195503
  1.03   1.05083089
  1.08   1.09970674
  1.12   1.14858260
  1.17   1.19745846
  1.22   1.24633431
  1.27   1.29521017
  1.32   1.34408602
  1.37   1.39296188
  1.42   1.44183773
  1.64   1.66177908
  0.00   0.02443793
  0.05   0.07331378
  0.10   0.12218964
  0.15   0.17106549
  0.20   0.21994135
  0.24   0.26881720
  0.29   0.31769306
  0.34   0.36656891
  0.39   0.41544477
  0.44   0.46432063
  0.49   0.51319648
  0.54   0.56207234
  0.59   0.61094819
  0.64   0.65982405
  0.68   0.70869990
  0.73   0.75757576
  0.78   0.80645161
  0.83   0.85532747
  0.88   0.90420332
  0.93   0.95307918
  0.98   1.00195503
  1.03   1.05083089
  1.08   1.09970674
  1.12   1.14858260
  1.17   1.19745846
  1.22   1.24633431
  1.27   1.56402737
  1.59   1.61290323
  1.71   0.00000000
  0.02   0.04887586
  0.07   0.09775171
  0.12   0.14662757
  0.17   0.19550342
  0.22   0.24437928
  0.27   0.29325513
  0.32   0.34213099
  0.37   0.39100684
  0.42   0.43988270
  0.46   0.48875855
  0.51   0.53763441
  0.56   0.58651026
  0.61   0.63538612
  0.66   0.68426197
  0.71   0.73313783
  0.76   0.78201369
  0.00   0.02443793
  0.05   0.07331378
  0.10   0.12218964
  0.15   0.17106549
  0.20   0.21994135
  0.24   0.26881720
  0.29   0.31769306
  0.34   0.36656891
  0.39   0.41544477
  0.44   0.46432063
  0.49   0.00000000
  0.02   0.04887586
  0.07   0.09775171
  0.12   0.14662757
  0.17   0.19550342
  0.22   0.24437928
  0.00   0.02443793
  0.05   0.07331378
  0.00   0.00000000
  0.00   0.00000000
  0.00   0.00000000
  0.00   0.00000000
  0.00   0.02443793
  0.05   0.07331378
  0.00   0.02443793
  0.05   0.07331378
  0.10   0.12218964
  0.15   0.17106549
  0.20   0.21994135
  0.24   0.00000000
  0.02   0.04887586
  0.07   0.09775171
  0.12   0.14662757
  0.17   0.19550342
  0.22   0.24437928
  0.27   0.29325513
  0.32   0.34213099
  0.37   0.39100684
  0.42   0.43988270
  0.00   0.02443793
  0.05   0.07331378
  0.10   0.12218964
  0.15   0.17106549
  0.20   0.21994135
  0.24   0.26881720
  0.29   0.31769306
  0.34   0.36656891
  0.39   0.41544477
  0.44   0.46432063
  0.49   0.51319648
  0.54   0.56207234
  0.59   0.61094819
  0.64   0.00000000
  0.02   0.04887586
  0.07   0.09775171
  0.12   0.14662757
  0.17   0.19550342
  0.22   0.24437928
  0.27   0.29325513
  0.32   0.34213099
  0.37   0.39100684
  0.42   0.43988270
  0.46   0.48875855
  0.51   0.53763441
  0.56   0.58651026
  0.61   0.63538612
  0.66   0.68426197
  0.71   0.73313783
  0.76   0.00000000
  0.02   0.04887586
  0.07   0.09775171
  0.12   0.14662757
  0.17   0.19550342
  0.22   0.24437928
  0.27   0.29325513
  0.32   0.34213099
  0.37   0.39100684
  0.42   0.43988270
  0.46   0.48875855
  0.51   0.53763441
  0.56   0.58651026
  0.61   0.63538612
  0.66   0.68426197
  0.71   0.73313783
  0.76   0.78201369
  0.81   0.83088954
  0.86   0.87976540
  0.24   0.29325513
  0.32   0.34213099
  0.39   0.41544477
  0.44   0.46432063
  0.49   0.51319648
  0.54   0.56207234
  0.59   0.61094819
  0.64   0.65982405
  0.68   0.70869990
  0.73   0.75757576
  0.78   0.80645161
  0.83   0.85532747
  0.88   0.90420332
  0.93   0.95307918
  0.98   0.83088954
  0.86   0.87976540
  0.90   0.92864125
  0.95   0.97751711
  1.00   1.02639296
  1.05   1.07526882
  1.10   1.12414467
  1.12   1.14858260
  1.17   1.19745846
  1.22   1.24633431
  1.27   1.29521017
  1.32   1.34408602
  1.39   1.31964809
  1.34   1.36852395
  1.39   1.41739980
  1.44   1.46627566
  1.49   1.51515152
  1.54   1.51515152
  1.54   1.56402737
  1.59   1.61290323
  1.64   1.66177908
  1.69   1.71065494
  1.74   1.75953079
  1.71   1.73509286
  1.76   1.78396872
  1.81   1.83284457
  1.86   1.88172043
  1.91   1.90615836
  1.93   1.95503421
  1.98   2.00391007
  2.03   2.05278592
  2.08   2.10166178
  2.13   2.24828935
  2.10   2.12609971
  2.15   2.17497556
  2.20   2.22385142
  2.27   2.46823069
  2.25   2.27272727
  2.30   2.32160313
  2.35   2.37047898
  2.42   2.44379277
  2.37   2.39491691
  2.42   2.44379277
  2.47   2.49266862
  2.52   2.56598240
  2.61   2.46823069
  2.49   2.51710655
  2.54   2.54154448
  2.57   2.59042033
  2.61   2.66373412
  2.57   2.59042033
  2.61   2.63929619
  2.66   2.68817204
  2.74   2.56598240
  2.59   2.54154448
  2.57   2.59042033
  2.61   2.63929619
  2.66   2.68817204
  2.49   2.51710655
  2.54   2.56598240
  2.59   2.41935484
  2.44   2.46823069
  2.49   2.29716520
  2.32   2.34604106
  2.37   2.39491691
  2.52   2.15053763
  2.20   2.22385142
  2.25   2.34604106
  2.00   2.02834800
  2.05   1.93059629
  1.61   1.66177908
  1.34   1.36852395
  1.39   1.41739980
  1.44   1.46627566
  1.49   1.17302053
  1.20   1.22189638
  1.25   1.27077224
  1.30   1.31964809
  0.90   0.92864125
  0.95   0.97751711
  1.00   1.02639296
  1.05   1.07526882
  1.10   1.12414467
  0.46   0.53763441
  0.56   0.58651026
  0.61   0.63538612
  0.66   0.68426197
  0.71   0.73313783
  0.76   0.78201369
  0.81   0.83088954
  0.86   0.87976540
  0.90   0.92864125
  0.95   0.00000000
  0.02   0.04887586
  0.07   0.09775171
  0.12   0.14662757
  0.17   0.19550342
  0.22   0.24437928
  0.27   0.29325513
  0.32   0.34213099
  0.37   0.39100684
  0.42   0.43988270
  0.46   0.48875855
  0.51   0.56207234
  0.61   0.65982405
  0.68   0.70869990
  0.73   0.75757576
  0.78   0.80645161
  0.83   0.85532747
  0.00   0.02443793
  0.05   0.07331378
  0.10   0.12218964
  0.15   0.17106549
  0.20   0.21994135
  0.24   0.26881720
  0.29   0.31769306
  0.34   0.36656891
  0.39   0.41544477
  0.44   0.46432063
  0.49   0.53763441
  0.56   0.58651026
  0.64   0.80645161
  0.61   0.65982405
  0.68   0.70869990
  0.73   0.75757576
  0.78   0.80645161
  0.78   0.80645161
  0.83   0.87976540
  0.95   0.95307918
  1.10   0.90420332
  1.03   0.70869990
  0.56   0.58651026
  0.61   0.63538612
  0.17   0.41544477
  0.44   0.46432063
  0.49   0.51319648
  0.54   0.56207234
  0.07   0.14662757
  0.20   0.24437928
  0.27   0.34213099
  0.37   0.39100684
  0.51   0.48875855
  0.00   0.02443793
  0.05   0.07331378
  0.10   0.12218964
  0.15   0.17106549
  0.20   0.21994135
  0.24   0.26881720
  0.29   0.31769306
  0.34   0.36656891
  0.39   0.41544477
  0.51   0.02443793
  0.10   0.14662757
  0.02   0.07331378
  0.12   0.00000000
  0.02   0.04887586
  0.07   0.09775171
  0.12   0.14662757
  0.17   0.19550342
  0.22   0.24437928
  0.27   0.29325513
  0.34   0.02443793
  0.07   0.09775171
  0.12   0.14662757
  0.17   0.19550342
  0.22   0.24437928
  0.27   0.29325513
  0.32   0.34213099
  0.37   0.41544477
  0.44   0.46432063
  0.46   0.48875855
  0.54   0.63538612
  0.78   1.34408602
  1.39   1.41739980
  1.44   1.36852395
  1.39   1.31964809
  1.34   1.36852395
  1.39   1.41739980
  1.44   1.46627566
  1.49   1.56402737
  1.20   1.22189638
  1.25   1.27077224
  1.30   1.31964809
  1.34   1.36852395
  1.47   1.49071359
  1.52   1.56402737
  1.64   0.95307918
  1.00   1.02639296
  1.05   1.07526882
  1.10   1.12414467
  1.15   1.17302053
  1.20   1.24633431
  1.27   1.29521017
  1.32   1.34408602
  1.37   1.39296188
  1.42   1.44183773
  1.64   0.00000000
  0.02   0.04887586
  0.07   0.09775171
  0.12   0.14662757
  0.17   0.19550342
  0.22   0.24437928
  0.27   0.29325513
  0.32   0.34213099
  0.37   0.39100684
  0.42   0.43988270
  0.46   0.48875855
  0.51   0.53763441
  0.56   0.58651026
  0.61   0.63538612
  0.66   0.68426197
  0.71   0.73313783
  0.76   0.78201369
  0.81   0.83088954
  0.86   0.87976540
  0.90   0.92864125
  0.95   0.97751711
  1.00   1.02639296
  1.05   1.07526882
  1.10   1.12414467
  1.15   1.17302053
  1.20   1.22189638
  1.25   1.27077224
  1.30   1.31964809
  1.34   1.36852395
  1.39   1.41739980
  1.44   1.46627566
  1.49   1.53958944
  1.56   1.58846530
  0.00   0.02443793
  0.05   0.07331378
  0.10   0.12218964
  0.15   0.17106549
  0.20   0.21994135
  0.24   0.26881720
  0.29   0.31769306
  0.34   0.36656891
  0.39   0.41544477
  0.44   0.46432063
  0.49   0.51319648
  0.54   0.56207234
  0.59   0.61094819
  0.64   0.65982405
  0.68   0.70869990
  0.73   0.75757576
  0.78   0.80645161
  0.83   0.85532747
  0.88   0.90420332
  0.93   0.95307918
  0.98   1.00195503
  1.03   1.05083089
  1.08   1.09970674
  1.12   1.17302053
  1.20   1.22189638
  1.25   1.27077224
  1.30   1.31964809
  1.34   1.36852395
  1.39   1.41739980
  1.59   1.61290323
  1.64   0.97751711
  1.00   1.02639296
  1.05   1.07526882
  1.10   1.12414467
  1.15   1.17302053
  1.20   1.22189638
  1.25   1.27077224
  1.39   1.41739980
  1.44   1.46627566
  1.49   1.51515152
  1.54   1.56402737
  1.17   1.19745846
  1.22   1.24633431
  1.27   1.29521017
  1.32   1.34408602
  1.37   1.39296188
  1.44   1.46627566
  1.34   1.36852395
  1.39   1.41739980
  1.44   1.46627566
  1.49   1.41739980
  1.44   1.46627566
  1.49   1.51515152
  1.49   1.51515152
  1.54   1.56402737
  1.59   1.61290323
  1.52   1.53958944
  1.56   1.51515152
  1.54   1.56402737
  1.59   1.51515152
  1.54   1.80840665
  1.76   1.73509286
  1.71   1.73509286
  1.42   1.36852395
  1.39   1.34408602
  1.27   1.29521017
  1.22   1.31964809
  1.15   1.22189638
  1.25   1.09970674
  1.15   1.27077224
  1.03   1.07526882
  1.12   1.14858260
  1.27   0.97751711
  1.00   1.02639296
  1.05   1.09970674
  0.83   0.85532747
  0.88   0.90420332
  0.93   0.95307918
  0.98   1.00195503
  0.46   0.53763441
  0.59   0.61094819
  0.64   0.65982405
  0.68   0.70869990
  0.73   0.75757576
  0.78   0.80645161
  0.83   0.85532747
  0.88   0.90420332
  0.93   0.95307918
  0.98   0.00000000
  0.02   0.04887586
  0.07   0.09775171
  0.12   0.14662757
  0.17   0.19550342
  0.22   0.24437928
  0.27   0.29325513
  0.32   0.34213099
  0.37   0.39100684
  0.42   0.43988270
  0.46   0.48875855
  0.51   0.53763441
  0.56   0.58651026
  0.61   0.63538612
  0.66   0.68426197
  0.71   0.73313783
  0.76   0.78201369
  0.81   0.83088954
  0.86   0.87976540
  0.90   0.92864125
  0.95   0.97751711
  1.00   0.00000000
  0.02   0.04887586
  0.07   0.09775171
  0.12   0.14662757
  0.17   0.19550342
  0.22   0.24437928
  0.27   0.29325513
  0.32   0.34213099
  0.37   0.39100684
  0.42   0.43988270
  0.46   0.48875855
  0.51   0.53763441
  0.56   0.58651026
  0.61   0.63538612
  0.66   0.68426197
  0.71   0.73313783
  0.76   0.78201369
  0.81   0.83088954
  0.86   0.87976540
  0.90   0.92864125
  0.95   0.97751711
  1.00   1.02639296
  1.05   1.07526882
  0.00   0.02443793
  0.05   0.07331378
  0.10   0.12218964
  0.15   0.17106549
  0.20   0.21994135
  0.24   0.26881720
  0.29   0.31769306
  0.34   0.36656891
  0.39   0.41544477
  0.44   0.46432063
  0.49   0.51319648
  0.54   0.56207234
  0.59   0.61094819
  0.64   0.65982405
  0.68   0.70869990
  0.73   0.75757576
  0.78   0.80645161
  0.83   0.85532747
  0.88   0.90420332
  0.95   0.97751711
  1.00   1.02639296
  1.05   1.07526882
  1.10   1.12414467
  1.15   1.17302053
  0.00   0.02443793
  0.05   0.07331378
  0.10   0.12218964
  0.15   0.17106549
  0.20   0.21994135
  0.24   0.26881720
  0.29   0.31769306
  0.34   0.36656891
  0.39   0.41544477
  0.44   0.46432063
  0.49   0.51319648
  0.54   0.56207234
  0.59   0.63538612
  0.66   0.68426197
  0.71   0.75757576
  0.88   0.90420332
  0.93   0.95307918
  0.98   1.00195503
  1.03   1.05083089
  1.08   1.09970674
  1.12   1.14858260
  1.17   1.19745846
  1.22   1.24633431
  1.27   1.29521017
  1.32   1.34408602
  1.37   1.39296188
  0.00   0.02443793
  0.05   0.07331378
  0.10   0.12218964
  0.17   1.39296188
  1.42   1.44183773
  1.47   1.49071359
  1.52   1.53958944
  1.61   0.00000000
  0.02   2.93255132
  2.93   2.95698925
  2.98   3.00586510
  3.03   3.05474096
  3.08   3.05474096
  3.08   3.10361681
  3.13   3.15249267
  3.18   3.22580645
  3.25   3.12805474
  3.15   3.17693060
  3.18   3.20136852
  3.23   3.25024438
  3.20   3.22580645
  3.25   3.27468231
  3.20   3.22580645
  3.25   3.27468231
  3.30   3.32355816
  0.00   3.17693060
  3.20   3.29912023
  3.32   3.34799609
  0.02   0.07331378
  0.12   3.10361681
  3.13   3.15249267
  3.18   3.20136852
  3.23   3.27468231
  3.01   3.03030303
  3.05   3.07917889
  3.10   3.12805474
  3.15   3.22580645
  3.25   2.85923754
  2.88   2.90811339
  2.93   2.95698925
  2.98   3.00586510
  3.03   3.05474096
  3.08   3.10361681
  3.13   2.66373412
  2.69   2.71260997
  2.74   2.76148583
  2.79   2.81036168
  2.83   2.85923754
  2.88   2.90811339
  2.93   2.95698925
  2.98   3.00586510
  1.76   1.78396872
  1.81   1.83284457
  1.86   1.88172043
  1.91   1.93059629
  1.96   2.00391007
  2.03   2.05278592
  2.08   2.10166178
  2.13   2.15053763
  2.17   2.19941349
  2.22   2.24828935
  2.27   2.29716520
  2.32   2.34604106
  2.37   2.39491691
  2.42   2.44379277
  2.47   2.49266862
  2.52   2.54154448
  2.57   2.59042033
  2.61   2.63929619
  2.66   2.68817204
  2.71   2.73704790
  2.76   2.78592375
  2.81   2.83479961
  2.86   2.90811339
  2.93   1.93059629
  1.96   1.97947214
  2.00   2.02834800
  2.05   2.07722385
  2.10   2.12609971
  2.15   2.17497556
  2.20   2.22385142
  2.25   2.27272727
  2.30   2.32160313
  2.35   2.37047898
  2.39   2.41935484
  2.44   2.46823069
  2.49   2.51710655
  2.54   2.56598240
  2.59   2.61485826
  2.64   2.68817204
  2.71   2.85923754
  1.98   2.00391007
  2.03   2.05278592
  2.17   2.19941349
  2.22   2.24828935
  2.27   2.29716520
  2.32   2.34604106
  2.37   2.41935484
  2.47   2.63929619
  2.71   2.78592375
  2.81   1.97947214
  2.00   2.02834800
  2.05   2.07722385
  2.10   2.12609971
  2.15   2.17497556
  2.32   2.39491691
  2.47   2.54154448
  1.86   1.90615836
  1.93   1.95503421
  1.98   2.00391007
  2.03   2.81036168
  1.83   2.85923754
  1.66   1.46627566
  0.90   1.17302053
  0.64   0.41544477
  0.39   0.41544477
  0.15   0.19550342
  0.22   0.24437928
  0.27   0.00000000
  0.02   0.04887586
  0.07   0.09775171
  0.12   0.14662757
  0.17   0.19550342
  0.00   0.02443793
  0.05   0.07331378
  0.10   0.12218964
  0.15   0.17106549
  0.02   0.04887586
  0.07   0.09775171
  0.12   0.14662757
  0.17   0.19550342
  0.00   0.02443793
  0.05   0.07331378
  0.10   0.12218964
  0.15   0.17106549
  0.20   0.21994135
  0.24   0.26881720
  0.00   0.02443793
  0.05   0.07331378
  0.10   0.12218964
  0.15   0.17106549
  0.20   0.21994135
  0.24   0.26881720
  0.29   0.31769306
  0.34   0.36656891
  0.39   0.41544477
  0.00   0.02443793
  0.05   0.07331378
  0.10   0.12218964
  0.15   0.17106549
  0.20   0.21994135
  0.24   0.26881720
  0.29   0.31769306
  0.34   0.36656891
  0.39   0.41544477
  0.44   0.46432063
  0.49   0.51319648
  0.54   0.56207234
  0.59   0.61094819
  0.64   0.65982405
  0.68   0.29325513
  0.32   0.36656891
  0.49   0.51319648
  0.54   0.56207234
  0.59   0.61094819
  0.64   0.65982405
  0.68   0.70869990
  0.73   0.75757576
  0.78   0.80645161
  0.83   0.85532747
  0.88   0.90420332
  0.93   0.95307918
  0.98   1.00195503
  1.03   1.05083089
  1.08   1.09970674
  1.12   1.14858260
  1.17   1.19745846
  1.22   1.22189638
  1.25   1.27077224
  1.30   1.31964809
  1.34   1.36852395
  1.39   1.41739980
  1.44   1.46627566
  1.49   1.51515152
  1.54   1.56402737
  1.59   1.61290323
  1.64   1.66177908
  1.69   1.71065494
  1.74   1.75953079
  1.78   1.80840665
  1.83   1.88172043
  3.18   1.83284457
  1.86   1.88172043
  1.91   1.95503421
  1.98   2.00391007
  2.03   2.05278592
  2.08   2.10166178
  2.13   2.15053763
  2.17   2.19941349
  2.22   2.24828935
  2.27   2.29716520
  2.32   2.34604106
  2.37   2.39491691
  2.42   2.44379277
  3.15   3.17693060
  3.20   2.44379277
  2.47   2.49266862
  2.52   2.54154448
  2.57   2.59042033
  2.61   2.63929619
  2.66   2.68817204
  2.71   2.73704790
  2.76   2.78592375
  2.81   2.83479961
  2.86   2.88367546
  2.91   2.93255132
  2.96   2.98142717
  3.01   3.03030303
  3.08   3.27468231
  3.30   3.03030303
  3.05   3.07917889
  3.10   3.12805474
  3.15   3.17693060
  3.20   3.22580645
  3.25   3.27468231
  3.30   3.32355816
  3.35   3.37243402
  3.40   3.42130987
  3.45   3.47018573
  3.49   3.51906158
  3.40   3.42130987
  3.45   3.47018573
  3.49   3.51906158
  3.54   3.56793744
  3.59   3.61681329
  3.64   3.66568915
  3.69   3.71456500
  3.74   3.76344086
  3.79   3.76344086
  3.79   3.81231672
  3.84   3.86119257
  3.89   3.91006843
  3.93   3.95894428
  3.98   4.00782014
  4.03   4.05669599
  4.08   4.05669599
  4.08   4.10557185
  4.13   4.15444770
  4.18   4.20332356
  4.23   4.25219941
  4.28   4.30107527
  4.33   4.34995112
  4.37   4.42326491
  4.45   4.30107527
  4.35   4.37438905
  4.40   4.42326491
  4.45   4.47214076
  4.50   4.52101662
  4.55   4.56989247
  4.59   4.61876833
  4.64   4.66764418
  4.69   4.74095797
  4.77   4.49657869
  4.52   4.54545455
  4.69   4.76539589
  4.84   4.86314761
  4.91   4.93646139
  4.99   5.00977517
  5.03   5.05865103
  5.08   5.10752688
  5.13   5.15640274
  5.23   5.27859238
  4.64   4.66764418
  5.43   5.57184751
  5.60   5.64516129
  5.72   5.74291300
  5.79   5.86510264
  4.69   4.66764418
  7.26   7.28250244
  4.91   4.91202346
  4.79   5.03421310
  4.67   4.78983382
  4.81   4.54545455
  4.57   4.59433040
  4.62   4.39882698
  4.42   4.44770283
  4.52   4.56989247
  4.25   4.27663734
  4.33   4.03225806
