0	0	0
0.01	0	0
0.02	0	0
0.03	0	0
0.04	4.2684e-4	0.085372
0.05	0.0026455	0.35838
0.06	0.0085328	0.81911
0.07	0.019933	1.4609
0.08	0.038452	2.2431
0.09	0.065463	3.1592
0.1	0.10238	4.2251
0.11	0.15094	5.4868
0.12	0.21258	6.841
0.13	0.28769	8.1813
0.14	0.37614	9.5077
0.15	0.47777	10.82
0.15924	0.58332	12.02
0.16756	0.68779	13.096
0.1752	0.79157	14.085
0.1823	0.89484	15.007
0.18896	0.99773	15.873
0.19526	1.1003	16.694
0.20471	1.2639	17.928
0.21889	1.5312	19.784
0.24015	1.9816	22.581
0.27204	2.7691	26.807
0.31988	4.2046	33.21
0.36988	6.0345	39.988
0.41988	8.2048	46.831
0.46988	10.719	53.734
0.51988	13.58	60.697
0.56988	16.79	67.72
0.61988	20.353	74.801
0.66988	24.271	81.944
0.71988	28.549	89.148
0.76988	33.188	96.413
0.81988	38.191	103.74
0.86988	43.563	111.12
0.91988	49.304	118.56
0.96988	55.42	126.05
1.0199	61.911	133.6
1.0699	68.781	141.21
1.1199	76.033	148.87
1.1699	83.669	156.58
1.2199	91.691	164.3
1.2699	100.1	172.02
1.3199	108.89	179.75
1.3699	118.07	187.47
1.4199	127.64	195.17
1.4699	137.59	202.84
1.5199	147.92	210.48
1.5699	158.64	218.08
1.6199	169.73	225.65
1.6699	181.2	233.17
1.7199	193.05	240.66
1.7699	205.27	248.1
1.8199	217.86	255.5
1.8699	230.81	262.85
1.9199	244.14	270.15
1.9699	257.83	277.39
2.0199	271.88	284.57
2.0699	286.28	291.69
2.1199	301.04	298.75
2.1699	316.16	305.73
2.2199	331.62	312.61
2.2699	347.42	319.39
2.3199	363.55	326.06
2.3699	380.02	332.63
2.4199	396.81	339.1
2.4699	413.93	345.43
2.5199	431.35	351.61
2.5699	449.08	357.65
2.6199	467.12	363.57
2.6699	485.44	369.44
2.7199	504.06	375.28
2.7699	522.97	381.1
2.8199	542.17	386.9
2.8699	561.66	392.7
2.9199	581.44	398.5
2.9699	601.51	404.29
3.0199	621.86	409.93
3.0699	642.5	415.36
3.1199	663.37	419.75
3.1699	684.44	422.72
3.2199	705.61	424.32
3.2699	726.83	424.56
3.3199	748.03	423.43
3.3699	769.15	421.4
3.4199	790.16	418.94
3.4699	811.04	416.31
3.5199	831.79	413.58
3.5699	852.4	410.73
3.6199	872.86	407.81
3.6699	893.18	404.9
3.7199	913.35	402.01
3.7699	933.38	399.13
3.8199	953.27	396.27
3.8699	973.01	393.42
3.9199	992.61	390.58
3.9699	1012.1	387.77
4.0199	1031.4	384.97
4.0699	1050.6	382.19
4.1199	1069.6	379.44
4.1699	1088.5	376.7
4.2199	1107.3	373.99
4.2699	1125.9	371.31
4.3199	1144.4	368.65
4.3699	1162.8	366.02
4.4199	1181	363.42
4.4699	1199.1	360.84
4.5199	1217.1	358.3
4.5699	1234.9	355.8
4.6199	1252.7	353.33
4.6699	1270.3	350.89
4.7199	1287.8	348.5
4.7699	1305.1	346.14
4.8199	1322.4	343.82
4.8699	1339.5	341.53
4.9199	1356.5	339.29
4.9699	1373.4	337.1
5.0199	1390.2	334.94
5.0699	1406.9	332.82
5.1199	1423.5	330.72
5.1699	1440	328.65
5.2199	1456.4	326.59
5.2699	1472.7	324.56
5.3199	1488.8	322.55
5.3699	1504.9	320.56
5.4199	1520.9	318.59
5.4699	1536.8	316.64
5.5199	1552.6	314.71
5.5699	1568.3	312.8
5.6199	1583.8	310.91
5.6699	1599.3	309.04
5.7199	1614.8	307.18
5.7699	1630.1	305.35
5.8199	1645.3	303.53
5.8699	1660.4	301.73
5.9199	1675.5	299.94
5.9699	1690.4	298.18
6.0199	1705.3	296.44
6.0699	1720.1	294.72
6.1199	1734.8	293.02
6.1699	1749.4	291.33
6.2199	1763.9	289.67
6.2699	1778.3	288.03
6.3199	1792.7	286.4
6.3699	1807	284.79
6.4199	1821.2	283.2
6.4699	1835.3	281.63
6.5199	1849.3	280.07
6.5699	1863.3	278.53
6.6199	1877.2	277
6.6699	1891	275.48
6.7199	1904.7	273.99
6.7699	1918.4	272.5
6.8199	1932	271.03
6.8699	1945.5	269.58
6.9199	1958.9	268.13
6.9699	1972.3	266.7
7.0199	1985.6	265.29
7.0699	1998.8	263.88
7.1199	2012	262.49
7.1699	2025.1	261.11
7.2199	2038.1	259.74
7.2699	2051.1	258.39
7.3199	2063.9	257.04
7.3699	2076.8	255.71
7.4199	2089.5	254.38
7.4699	2102.2	253.07
7.5199	2114.8	251.77
7.5699	2127.4	250.48
7.6199	2139.9	249.2
7.6699	2152.3	247.92
7.7199	2164.7	246.66
7.7699	2177	245.41
7.8199	2189.2	244.17
7.8699	2201.4	242.94
7.9199	2213.5	241.71
7.9699	2225.6	240.5
8.0199	2237.6	239.29
8.0699	2249.5	238.09
8.1199	2261.4	236.9
8.1699	2273.2	235.73
8.2199	2284.9	234.55
8.2699	2296.6	233.39
8.3199	2308.3	232.23
8.3699	2319.9	231.09
8.4199	2331.4	229.95
8.4699	2342.9	228.81
8.5199	2354.3	227.69
8.5699	2365.6	226.57
8.6199	2376.9	225.46
8.6699	2388.2	224.36
8.7199	2399.4	223.27
8.7699	2410.5	222.18
8.8199	2421.6	221.1
8.8699	2432.6	220.02
8.9199	2443.6	218.95
8.9699	2454.5	217.89
9.0199	2465.4	216.84
9.0699	2476.2	215.79
9.1199	2486.9	214.75
9.1699	2497.7	213.71
9.2199	2508.3	212.69
9.2699	2518.9	211.66
9.3199	2529.5	210.64
9.3699	2540	209.63
9.4199	2550.4	208.63
9.4699	2560.9	207.63
9.5199	2571.2	206.64
9.5699	2581.5	205.65
9.6199	2591.8	204.67
9.6699	2602	203.69
9.7199	2612.1	202.72
9.7699	2622.3	201.75
9.8199	2632.3	200.79
9.8699	2642.3	199.83
9.9199	2652.3	198.88
9.9699	2662.2	197.94
10.02	2672.1	197
10.07	2681.9	196.06
10.12	2691.7	195.13
10.17	2701.4	194.2
10.22	2711.1	193.28
10.27	2720.8	192.36
10.32	2730.4	191.45
10.37	2739.9	190.54
10.42	2749.4	189.64
10.47	2758.9	188.74
10.52	2768.3	187.85
10.57	2777.7	186.96
10.62	2787	186.08
10.67	2796.3	185.2
10.72	2805.5	184.32
10.77	2814.7	183.45
10.82	2823.8	182.58
10.87	2833	181.71
10.92	2842	180.85
10.97	2851	179.99
11.02	2860	179.14
11.07	2869	178.29
11.12	2877.8	177.45
11.17	2886.7	176.61
11.22	2895.5	175.77
11.27	2904.3	174.94
11.32	2913	174.11
11.37	2921.7	173.28
11.42	2930.3	172.46
11.47	2938.9	171.64
11.52	2947.5	170.83
11.57	2956	170.01
11.62	2964.5	169.21
11.67	2972.9	168.4
11.72	2981.3	167.6
11.77	2989.7	166.8
11.82	2998	166.01
11.87	3006.3	165.21
11.92	3014.5	164.43
11.97	3022.7	163.64
12.02	3030.9	162.86
12.07	3039	162.08
12.12	3047.1	161.3
12.17	3055.2	160.53
12.22	3063.2	159.76
12.27	3071.1	158.99
12.32	3079.1	158.23
12.37	3087	157.47
12.42	3094.8	156.71
12.47	3102.6	155.95
12.52	3110.4	155.2
12.57	3118.1	154.45
12.62	3125.9	153.7
12.67	3133.5	152.96
12.72	3141.1	152.21
12.77	3148.7	151.47
12.82	3156.3	150.74
12.87	3163.8	150
12.92	3171.3	149.27
12.97	3178.7	148.54
13.02	3186.1	147.82
13.07	3193.5	147.1
13.12	3200.9	146.38
13.17	3208.2	145.66
13.22	3215.4	144.94
13.27	3222.7	144.23
13.32	3229.8	143.52
13.37	3237	142.81
13.42	3244.1	142.1
13.47	3251.2	141.39
13.52	3258.3	140.69
13.57	3265.3	139.99
13.62	3272.3	139.3
13.67	3279.2	138.6
13.72	3286.1	137.91
13.77	3293	137.22
13.82	3299.8	136.53
13.87	3306.7	135.84
13.92	3313.4	135.16
13.97	3320.2	134.48
14.02	3326.9	133.8
14.07	3333.6	133.12
14.12	3340.2	132.44
14.17	3346.8	131.77
14.22	3353.4	131.1
14.27	3359.9	130.43
14.32	3366.4	129.76
14.37	3372.9	129.09
14.42	3379.3	128.43
14.47	3385.7	127.77
14.52	3392.1	127.11
14.57	3398.4	126.45
14.62	3404.7	125.79
14.67	3411	125.14
14.72	3417.3	124.48
14.77	3423.5	123.83
14.82	3429.6	123.18
14.87	3435.8	122.54
14.92	3441.9	121.89
14.97	3448	121.25
15.02	3454	120.6
15.07	3460	119.96
15.12	3466	119.33
15.17	3472	118.69
15.22	3477.9	118.05
15.27	3483.8	117.42
15.32	3489.6	116.79
15.37	3495.4	116.16
15.42	3501.2	115.53
15.47	3507	114.9
15.52	3512.7	114.28
15.57	3518.4	113.65
15.62	3524.1	113.03
15.67	3529.7	112.41
15.72	3535.3	111.79
15.77	3540.9	111.17
15.82	3546.5	110.55
15.87	3552	109.94
15.92	3557.4	109.32
15.97	3562.9	108.71
16.02	3568.3	108.1
16.07	3573.7	107.49
16.12	3579.1	106.89
16.17	3584.4	106.28
16.22	3589.7	105.68
16.27	3595	105.07
16.32	3600.2	104.47
16.37	3605.4	103.87
16.42	3610.6	103.27
16.47	3615.7	102.67
16.52	3620.9	102.07
16.57	3625.9	101.47
16.62	3631	100.88
16.67	3636	100.29
16.72	3641	99.694
16.77	3646	99.103
16.82	3650.9	98.513
16.87	3655.9	97.925
16.92	3660.7	97.339
16.97	3665.6	96.753
17.02	3670.4	96.169
17.07	3675.2	95.586
17.12	3680	95.004
17.17	3684.7	94.424
17.22	3689.4	93.845
17.27	3694.1	93.266
17.32	3698.7	92.689
17.37	3703.4	92.113
17.42	3708	91.537
17.47	3712.5	90.963
17.52	3717	90.389
17.57	3721.6	89.817
17.62	3726	89.245
17.67	3730.5	88.675
17.72	3734.9	88.106
17.77	3739.3	87.537
17.82	3743.7	86.97
17.87	3748	86.404
17.92	3752.3	85.84
17.97	3756.6	85.276
18.02	3760.8	84.713
18.07	3765	84.152
18.12	3769.2	83.591
18.17	3773.4	83.032
18.22	3777.5	82.473
18.27	3781.6	81.916
18.32	3785.7	81.359
18.37	3789.8	80.803
18.42	3793.8	80.248
18.47	3797.8	79.694
18.52	3801.8	79.141
18.57	3805.7	78.588
18.62	3809.6	78.037
18.67	3813.5	77.486
18.72	3817.4	76.937
18.77	3821.2	76.388
18.82	3825	75.84
18.87	3828.8	75.292
18.92	3832.6	74.746
18.97	3836.3	74.2
19.02	3840	73.655
19.07	3843.6	73.111
19.12	3847.3	72.568
19.17	3850.9	72.025
19.22	3854.5	71.484
19.27	3858	70.943
19.32	3861.6	70.404
19.37	3865.1	69.865
19.42	3868.6	69.327
19.47	3872	68.79
19.52	3875.4	68.253
19.57	3878.8	67.718
19.62	3882.2	67.183
19.67	3885.6	66.648
19.72	3888.9	66.114
19.77	3892.2	65.581
19.82	3895.4	65.049
19.87	3898.7	64.517
19.92	3901.9	63.986
19.97	3905.1	63.455
20.02	3908.2	62.926
20.07	3911.4	62.396
20.12	3914.5	61.868
20.17	3917.6	61.34
20.22	3920.6	60.812
20.27	3923.6	60.286
20.32	3926.6	59.76
20.37	3929.6	59.235
20.42	3932.6	58.71
20.47	3935.5	58.186
20.52	3938.4	57.662
20.57	3941.3	57.14
20.62	3944.1	56.617
20.67	3946.9	56.096
20.72	3949.7	55.575
20.77	3952.5	55.054
20.82	3955.2	54.535
20.87	3957.9	54.016
20.92	3960.6	53.498
20.97	3963.3	52.98
21.02	3965.9	52.463
21.07	3968.5	51.947
21.12	3971.1	51.431
21.17	3973.7	50.915
21.22	3976.2	50.401
21.27	3978.7	49.886
21.32	3981.2	49.373
21.37	3983.6	48.859
21.42	3986.1	48.347
21.47	3988.5	47.834
21.52	3990.9	47.323
21.57	3993.2	46.812
21.62	3995.5	46.301
21.67	3997.8	45.79
21.72	4000.1	45.28
21.77	4002.4	44.771
21.82	4004.6	44.261
21.87	4006.8	43.753
21.92	4009	43.244
21.97	4011.1	42.737
22.02	4013.2	42.229
22.07	4015.3	41.722
22.12	4017.4	41.215
22.17	4019.5	40.709
22.22	4021.5	40.203
22.27	4023.5	39.698
22.32	4025.5	39.193
22.37	4027.4	38.688
22.42	4029.3	38.184
22.47	4031.2	37.68
22.52	4033.1	37.177
22.57	4034.9	36.674
22.62	4036.8	36.171
22.67	4038.6	35.668
22.72	4040.3	35.166
22.77	4042.1	34.664
22.82	4043.8	34.163
22.87	4045.5	33.662
22.92	4047.2	33.161
22.97	4048.8	32.66
23.02	4050.4	32.16
23.07	4052	31.66
23.12	4053.6	31.161
23.17	4055.1	30.662
23.22	4056.7	30.163
23.27	4058.2	29.665
23.32	4059.6	29.167
23.37	4061.1	28.669
23.42	4062.5	28.171
23.47	4063.9	27.674
23.52	4065.3	27.177
23.57	4066.6	26.68
23.62	4067.9	26.184
23.67	4069.2	25.688
23.72	4070.5	25.193
23.77	4071.7	24.698
23.82	4073	24.203
23.87	4074.2	23.709
23.92	4075.3	23.214
23.97	4076.5	22.721
24.02	4077.6	22.227
24.07	4078.7	21.733
24.12	4079.8	21.24
24.17	4080.8	20.747
24.22	4081.9	20.254
24.27	4082.9	19.762
24.32	4083.8	19.269
24.37	4084.8	18.777
24.42	4085.7	18.286
24.47	4086.6	17.794
24.52	4087.5	17.303
24.57	4088.3	16.812
24.62	4089.2	16.321
24.67	4090	15.83
24.72	4090.8	15.34
24.77	4091.5	14.849
24.82	4092.2	14.359
24.87	4092.9	13.869
24.92	4093.6	13.379
24.97	4094.3	12.89
25.02	4094.9	12.401
25.07	4095.5	11.912
25.12	4096.1	11.423
25.17	4096.7	10.934
25.22	4097.2	10.446
25.27	4097.7	9.9578
25.32	4098.2	9.4701
25.37	4098.7	8.9826
25.42	4099.1	8.4955
25.47	4099.5	8.0086
25.52	4099.9	7.5218
25.57	4100.3	7.0351
25.62	4100.6	6.5488
25.67	4100.9	6.0627
25.72	4101.2	5.5769
25.77	4101.5	5.0914
25.82	4101.7	4.6062
25.87	4101.9	4.1211
25.92	4102.1	3.6362
25.97	4102.3	3.1516
26.02	4102.4	2.6675
26.07	4102.6	2.1841
26.12	4102.7	1.6978
26.17	4102.7	1.211
26.22	4102.8	0.72421
26.27	4102.8	0.2375
26.32	4102.8	-0.24907
26.37	4102.8	-0.73542
26.424	4102.7	-1.2594
26.475	4102.6	-1.759
26.527	4102.5	-2.2587
26.579	4102.4	-2.7584
26.631	4102.3	-3.258
26.683	4102.1	-3.7577
26.735	4101.9	-4.2573
26.788	4101.6	-4.7569
26.841	4101.4	-5.2566
26.894	4101.1	-5.7562
26.947	4100.7	-6.2557
27.001	4100.4	-6.7552
27.056	4100	-7.2546
27.11	4099.6	-7.754
27.165	4099.2	-8.2533
27.221	4098.7	-8.7526
27.277	4098.2	-9.2519
27.333	4097.7	-9.751
27.391	4097.1	-10.25
27.448	4096.5	-10.749
27.507	4095.8	-11.248
27.566	4095.1	-11.747
27.626	4094.4	-12.245
27.687	4093.7	-12.744
27.749	4092.9	-13.242
27.812	4092	-13.74
27.876	4091.1	-14.238
27.941	4090.2	-14.736
28.007	4089.2	-15.233
28.074	4088.1	-15.73
28.143	4087	-16.227
28.214	4085.9	-16.724
28.285	4084.7	-17.221
28.359	4083.4	-17.717
28.435	4082	-18.213
28.512	4080.6	-18.709
28.592	4079.1	-19.205
28.674	4077.5	-19.7
28.758	4075.8	-20.194
28.846	4074	-20.689
28.936	4072.1	-21.183
29.03	4070.1	-21.676
29.128	4068	-22.169
29.229	4065.7	-22.661
29.336	4063.3	-23.152
29.447	4060.6	-23.643
29.565	4057.8	-24.133
29.689	4054.8	-24.624
29.82	4051.5	-25.113
29.961	4048	-25.6
30.112	4044.1	-26.088
30.274	4039.8	-26.573
30.451	4035.1	-27.054
30.645	4029.8	-27.531
30.859	4023.8	-28.005
31.101	4017	-28.474
31.379	4009	-28.941
31.707	3999.4	-29.404
32.095	3987.9	-29.844
32.587	3973.1	-30.271
33.087	3957.9	-30.57
33.587	3942.6	-30.773
34.087	3927.2	-30.908
34.587	3911.7	-30.994
35.087	3896.2	-31.044
35.587	3880.7	-31.072
36.087	3865.1	-31.084
36.587	3849.6	-31.084
37.087	3834	-31.075
37.587	3818.5	-31.062
38.087	3803	-31.045
38.587	3787.5	-31.025
39.087	3772	-31.004
39.587	3756.5	-30.981
40.087	3741	-30.957
40.587	3725.5	-30.933
41.087	3710	-30.908
41.587	3694.6	-30.884
42.087	3679.2	-30.86
42.587	3663.7	-30.835
43.087	3648.3	-30.81
43.587	3632.9	-30.786
44.087	3617.5	-30.761
44.587	3602.2	-30.737
45.087	3586.8	-30.713
45.587	3571.5	-30.689
46.087	3556.1	-30.664
46.587	3540.8	-30.64
47.087	3525.5	-30.616
47.587	3510.2	-30.592
48.087	3494.9	-30.569
48.587	3479.6	-30.545
49.087	3464.3	-30.521
49.587	3449.1	-30.496
50.087	3433.8	-30.471
50.587	3418.6	-30.447
51.087	3403.4	-30.422
51.587	3388.2	-30.398
52.087	3373	-30.373
52.587	3357.8	-30.348
53.087	3342.7	-30.324
53.587	3327.5	-30.3
54.087	3312.4	-30.275
54.587	3297.2	-30.251
55.087	3282.1	-30.227
55.587	3267	-30.203
56.087	3251.9	-30.18
56.587	3236.8	-30.156
57.087	3221.7	-30.132
57.587	3206.7	-30.109
58.087	3191.6	-30.085
58.587	3176.6	-30.062
59.087	3161.6	-30.039
59.587	3146.6	-30.015
60.087	3131.6	-29.992
60.587	3116.6	-29.968
61.087	3101.6	-29.946
61.587	3086.6	-29.923
62.087	3071.7	-29.9
62.587	3056.7	-29.878
63.087	3041.8	-29.855
63.587	3026.9	-29.833
64.087	3012	-29.811
64.587	2997.1	-29.788
65.087	2982.2	-29.765
65.587	2967.3	-29.742
66.087	2952.4	-29.72
66.587	2937.6	-29.697
67.087	2922.7	-29.674
67.587	2907.9	-29.651
68.087	2893.1	-29.628
68.587	2878.3	-29.605
69.087	2863.5	-29.582
69.587	2848.7	-29.559
70.087	2833.9	-29.536
70.587	2819.1	-29.514
71.087	2804.4	-29.491
71.587	2789.7	-29.468
72.087	2774.9	-29.446
72.587	2760.2	-29.423
73.087	2745.5	-29.401
73.587	2730.8	-29.379
74.087	2716.1	-29.357
74.587	2701.5	-29.335
75.087	2686.8	-29.313
75.587	2672.1	-29.291
76.087	2657.5	-29.268
76.587	2642.9	-29.247
77.087	2628.3	-29.225
77.587	2613.6	-29.204
78.087	2599.1	-29.182
78.587	2584.5	-29.161
79.087	2569.9	-29.14
79.587	2555.3	-29.118
80.087	2540.8	-29.097
80.587	2526.2	-29.076
81.087	2511.7	-29.055
81.587	2497.2	-29.034
82.087	2482.7	-29.013
82.587	2468.2	-28.992
83.087	2453.7	-28.97
83.587	2439.2	-28.949
84.087	2424.7	-28.927
84.587	2410.3	-28.905
85.087	2395.8	-28.884
85.587	2381.4	-28.862
86.087	2367	-28.841
86.587	2352.5	-28.819
87.087	2338.1	-28.798
87.587	2323.7	-28.776
88.087	2309.4	-28.755
88.587	2295	-28.734
89.087	2280.6	-28.713
89.587	2266.3	-28.692
90.087	2251.9	-28.671
90.587	2237.6	-28.65
91.087	2223.3	-28.629
91.587	2209	-28.608
92.087	2194.7	-28.587
92.587	2180.4	-28.567
93.087	2166.1	-28.546
93.587	2151.8	-28.526
94.087	2137.6	-28.505
94.587	2123.3	-28.485
95.087	2109.1	-28.465
95.587	2094.9	-28.445
96.087	2080.7	-28.425
96.587	2066.4	-28.404
97.087	2052.2	-28.385
97.587	2038.1	-28.364
98.087	2023.9	-28.345
98.587	2009.7	-28.325
99.087	1995.6	-28.305
99.587	1981.4	-28.286
100.09	1967.3	-28.266
100.59	1953.1	-28.245
101.09	1939	-28.225
101.59	1924.9	-28.205
102.09	1910.8	-28.184
102.59	1896.7	-28.164
103.09	1882.7	-28.144
103.59	1868.6	-28.123
104.09	1854.5	-28.103
104.59	1840.5	-28.083
105.09	1826.5	-28.063
105.59	1812.4	-28.043
106.09	1798.4	-28.023
106.59	1784.4	-28.003
107.09	1770.4	-27.984
107.59	1756.4	-27.964
108.09	1742.4	-27.944
108.59	1728.5	-27.925
109.09	1714.5	-27.905
109.59	1700.6	-27.886
110.09	1686.6	-27.866
110.59	1672.7	-27.846
111.09	1658.8	-27.827
111.59	1644.9	-27.808
112.09	1631	-27.789
112.59	1617.1	-27.77
113.09	1603.2	-27.751
113.59	1589.3	-27.733
114.09	1575.5	-27.714
114.59	1561.6	-27.695
115.09	1547.8	-27.676
115.59	1533.9	-27.658
116.09	1520.1	-27.639
116.59	1506.3	-27.62
117.09	1492.5	-27.602
117.59	1478.7	-27.583
118.09	1464.9	-27.564
118.59	1451.1	-27.545
119.09	1437.4	-27.526
119.59	1423.6	-27.507
120.09	1409.9	-27.488
120.59	1396.1	-27.469
121.09	1382.4	-27.45
121.59	1368.7	-27.431
122.09	1355	-27.411
122.59	1341.3	-27.393
123.09	1327.6	-27.374
123.59	1313.9	-27.355
124.09	1300.2	-27.336
124.59	1286.6	-27.318
125.09	1272.9	-27.299
125.59	1259.3	-27.28
126.09	1245.6	-27.262
126.59	1232	-27.243
127.09	1218.4	-27.225
127.59	1204.8	-27.207
128.09	1191.2	-27.189
128.59	1177.6	-27.171
129.09	1164	-27.152
129.59	1150.4	-27.134
130.09	1136.9	-27.116
130.59	1123.3	-27.099
131.09	1109.8	-27.081
131.59	1096.2	-27.063
132.09	1082.7	-27.045
132.59	1069.2	-27.027
133.09	1055.7	-27.01
133.59	1042.2	-26.992
134.09	1028.7	-26.974
134.59	1015.2	-26.957
135.09	1001.7	-26.939
135.59	988.26	-26.922
136.09	974.81	-26.904
136.59	961.36	-26.887
137.09	947.92	-26.868
137.59	934.49	-26.85
138.09	921.07	-26.832
138.59	907.66	-26.815
139.09	894.26	-26.797
139.59	880.86	-26.779
140.09	867.48	-26.761
140.59	854.1	-26.743
141.09	840.73	-26.725
141.59	827.38	-26.708
142.09	814.03	-26.69
142.59	800.69	-26.672
143.09	787.35	-26.655
143.59	774.03	-26.637
144.09	760.72	-26.62
144.59	747.41	-26.602
145.09	734.11	-26.585
145.59	720.83	-26.568
146.09	707.55	-26.55
146.59	694.28	-26.533
147.09	681.01	-26.516
147.59	667.76	-26.499
148.09	654.51	-26.482
148.59	641.28	-26.465
149.09	628.05	-26.448
149.59	614.83	-26.431
150.09	601.62	-26.414
150.59	588.42	-26.398
151.09	575.22	-26.381
151.59	562.03	-26.364
152.09	548.86	-26.348
152.59	535.69	-26.331
153.09	522.52	-26.315
153.59	509.37	-26.299
154.09	496.23	-26.282
154.59	483.09	-26.266
155.09	469.96	-26.249
155.59	456.84	-26.232
156.09	443.73	-26.215
156.59	430.62	-26.198
157.09	417.53	-26.182
157.59	404.44	-26.164
158.09	391.37	-26.148
158.59	378.3	-26.131
159.09	365.23	-26.114
159.59	352.18	-26.097
160.09	339.14	-26.08
160.59	326.1	-26.064
161.09	313.07	-26.047
161.59	300.06	-26.03
162.09	287.04	-26.014
162.59	274.04	-25.997
163.09	261.05	-25.981
163.09	260.97	-25.481
163.09	260.89	-24.981
163.1	260.81	-24.481
163.1	260.73	-23.981
163.1	260.65	-23.481
163.11	260.56	-22.981
163.11	260.47	-22.481
163.12	260.38	-21.981
163.12	260.29	-21.481
163.12	260.19	-20.982
163.13	260.1	-20.482
163.13	260	-19.982
163.14	259.89	-19.482
163.14	259.78	-18.982
163.15	259.67	-18.482
163.16	259.56	-17.982
163.16	259.44	-17.482
163.17	259.32	-16.982
163.18	259.19	-16.482
163.19	259.06	-15.982
163.19	258.93	-15.482
163.2	258.78	-14.982
163.21	258.63	-14.482
163.23	258.48	-13.982
163.24	258.31	-13.482
163.25	258.14	-12.982
163.26	257.95	-12.482
163.28	257.76	-11.982
163.3	257.55	-11.482
163.32	257.32	-10.982
163.34	257.08	-10.482
163.37	256.81	-9.9821
163.4	256.51	-9.4821
163.43	256.18	-8.9821
163.48	255.8	-8.4821
163.53	255.35	-7.9822
163.6	254.79	-7.4823
163.71	254.06	-6.9833
163.87	252.96	-6.4865
164.25	250.61	-6.0014
164.75	247.57	-6.1566
165.25	244.51	-6.0622
165.75	241.47	-6.1179
166.25	238.42	-6.0833
166.75	235.37	-6.1025
167.25	232.32	-6.0879
167.75	229.28	-6.096
168.25	226.23	-6.0909
168.75	223.18	-6.0918
169.25	220.14	-6.0889
169.75	217.09	-6.0912
170.25	214.05	-6.0806
170.75	211.01	-6.0911
171.23	208.09	-6.0597
171.73	205.05	-6.0992
172.23	202.01	-6.0759
172.73	198.97	-6.0824
173.23	195.92	-6.085
173.73	192.88	-6.0821
174.23	189.84	-6.0826
174.73	186.8	-6.0805
175.23	183.76	-6.0784
175.71	180.84	-6.0545
176.21	177.81	-6.0849
176.71	174.77	-6.0707
177.21	171.73	-6.0745
177.71	168.69	-6.0762
178.21	165.66	-6.0724
178.71	162.62	-6.0741
179.21	159.58	-6.073
179.71	156.55	-6.0717
180.21	153.51	-6.072
180.71	150.47	-6.0693
181.21	147.44	-6.0687
181.71	144.41	-6.0694
182.21	141.37	-6.0678
182.71	138.34	-6.0665
183.21	135.31	-6.0639
183.71	132.27	-6.067
184.21	129.24	-6.0617
184.71	126.21	-6.0648
185.21	123.18	-6.0546
185.71	120.15	-6.0635
186.21	117.12	-6.0552
186.71	114.09	-6.0633
187.21	111.06	-6.0572
187.71	108.03	-6.0587
188.21	105	-6.0554
188.71	101.97	-6.0565
189.21	98.947	-6.0559
189.71	95.919	-6.0546
190.21	92.894	-6.0456
190.71	89.874	-6.0356
191.21	86.849	-6.0625
191.71	83.823	-6.0404
192.21	80.799	-6.0577
192.71	77.774	-6.0396
193.21	74.752	-6.0518
193.71	71.729	-6.0397
194.21	68.706	-6.0524
194.71	65.683	-6.0394
195.21	62.66	-6.0498
195.71	59.64	-6.0313
196.21	56.619	-6.0517
196.71	53.598	-6.0349
197.21	50.577	-6.0469
197.71	47.558	-6.0308
198.21	44.538	-6.047
198.71	41.518	-6.0355
199.21	38.499	-6.0394
199.71	35.48	-6.037
200.21	32.462	-6.0366
200.71	29.444	-6.0354
201.21	26.429	-6.024
201.71	23.412	-6.0416
202.21	20.395	-6.0286
202.71	17.38	-6.0311
203.21	14.364	-6.0307
203.71	11.35	-6.0281
204.21	8.3351	-6.0305
204.71	5.3223	-6.0207
205.21	2.3088	-6.0333
205.71	-0.70457	-6.0201
