0	0	0	
0.0286	0	0.280566	
0.0572	0.00802419	0.559702	
0.0858	0.0240317	0.838838	
0.1144	0.0480224	1.12169	
0.143	0.0801028	1.4034	
0.1716	0.12024	1.68397	
0.2002	0.168402	1.96396	
0.2288	0.224571	2.24567	
0.2574	0.288797	2.52567	
0.286	0.361031	2.80795	
0.3146	0.441338	3.09137	
0.3432	0.529752	3.37251	
0.3718	0.626206	3.65222	
0.4004	0.730659	3.93422	
0.429	0.843178	4.21335	
0.4576	0.96368	4.49163	
0.4862	1.09214	4.77162	
0.5148	1.22861	9.31302	
0.5434	1.49496	13.5349	
0.572	1.88206	17.6588	
0.6006	2.3871	21.6322	
0.6292	3.00578	25.5607	
0.6578	3.73682	29.6199	
0.6864	4.58395	33.897	
0.715	5.5534	38.2173	
0.7436	6.64642	42.5025	
0.7722	7.86199	46.8562	
0.8008	9.20207	51.2052	
0.8294	10.6665	55.577	
0.858	12.256	59.9322	
0.8866	13.9701	64.3283	
0.9152	15.8099	68.7241	
0.9438	17.7754	73.107	
0.9724	19.8663	77.5495	
1.001	22.0842	81.9584	
1.0296	24.4282	86.3854	
1.0582	26.8988	90.8073	
1.0868	29.4959	95.2726	
1.1154	32.2207	99.645	
1.144	35.0705	104.023	
1.1726	38.0456	108.389	
1.2012	41.1455	112.713	
1.2298	44.3691	116.975	
1.2584	47.7146	121.217	
1.287	51.1814	125.422	
1.3156	54.7685	129.557	
1.3442	58.4738	133.632	
1.3728	62.2957	137.728	
1.4014	66.2347	141.802	
1.43	70.2902	145.757	
1.4586	74.4589	149.656	
1.4872	78.7391	153.443	
1.5158	83.1275	157.195	
1.5444	87.6233	160.888	
1.573	92.2247	164.475	
1.6016	96.9287	167.935	
1.6302	101.732	171.193	
1.6588	106.628	174.329	
1.6874	111.614	177.254	
1.716	116.683	180.034	
1.7446	121.832	182.338	
1.7732	127.047	183.391	
1.8018	132.292	183.621	
1.8304	137.543	183.766	
1.859	142.799	183.877	
1.8876	148.058	184.012	
1.9162	153.321	184.143	
1.9448	158.587	184.263	
1.9734	163.857	184.375	
2.002	169.13	184.312	
2.0306	174.402	183.992	
2.0592	179.664	183.347	
2.0878	184.907	182.556	
2.1164	190.129	181.832	
2.145	195.329	181.097	
2.1736	200.508	180.363	
2.2022	205.667	179.642	
2.2308	210.804	178.906	
2.2594	215.921	178.184	
2.288	221.017	177.464	
2.3166	226.093	176.758	
2.3452	231.148	176.062	
2.3738	236.183	175.38	
2.4024	241.199	174.726	
2.431	246.196	174.078	
2.4596	251.175	173.452	
2.4882	256.136	172.828	
2.5168	261.079	172.209	
2.5454	266.004	171.584	
2.574	270.911	170.971	
2.6026	275.801	170.336	
2.6312	280.673	169.734	
2.6598	285.527	169.149	
2.6884	290.365	168.56	
2.717	295.185	167.964	
2.7456	299.989	167.37	
2.7742	304.776	166.836	
2.8028	309.547	166.287	
2.8314	314.303	165.738	
2.86	319.043	165.198	
2.8886	323.768	164.674	
2.9172	328.478	164.102	
2.9458	333.171	163.599	
2.9744	337.85	163.098	
3.003	342.515	162.586	
3.0316	347.165	162.084	
3.0602	351.8	161.6	
3.0888	356.422	161.117	
3.1174	361.03	160.615	
3.146	365.623	160.139	
3.1746	370.203	159.67	
3.2032	374.77	159.205	
3.2318	379.323	158.754	
3.2604	383.864	158.306	
3.289	388.391	157.88	
3.3176	392.907	157.454	
3.3462	397.41	157.012	
3.3748	401.9	156.588	
3.4034	406.379	156.167	
3.432	410.845	155.739	
3.4606	415.299	155.327	
3.4892	419.742	154.928	
3.5178	424.173	154.534	
3.5464	428.592	154.147	
3.575	433.001	153.769	
3.6036	437.399	153.387	
3.6322	441.785	153.009	
3.6608	446.162	152.651	
3.6894	450.527	152.298	
3.718	454.883	151.941	
3.7466	459.229	151.579	
3.7752	463.564	151.239	
3.8038	467.889	150.905	
3.8324	472.205	150.562	
3.861	476.511	150.226	
3.8896	480.808	149.885	
3.9182	485.094	149.538	
3.9468	489.371	149.213	
3.9754	493.639	148.893	
4.004	497.897	148.573	
4.0326	502.146	148.261	
4.0612	506.386	147.948	
4.0898	510.618	147.643	
4.1184	514.84	147.332	
4.147	519.054	147.024	
4.1756	523.259	146.725	
4.2042	527.455	146.423	
4.2328	531.643	146.119	
4.2614	535.822	145.824	
4.29	539.993	145.527	
4.3186	544.155	145.237	
4.3472	548.308	144.968	
4.3758	552.454	144.702	
4.4044	556.593	144.431	
4.433	560.724	144.169	
4.4616	564.847	143.911	
4.4902	568.963	143.7	
4.5188	573.073	143.429	
4.5474	577.175	143.175	
4.576	581.269	142.925	
4.6046	585.357	142.69	
4.6332	589.438	142.447	
4.6618	593.512	142.199	
4.6904	597.579	141.966	
4.719	601.639	141.73	
4.7476	605.693	141.501	
4.7762	609.739	141.276	
4.8048	613.78	141.049	
4.8334	617.814	140.83	
4.862	621.842	140.608	
4.8906	625.863	140.387	
4.9192	629.878	140.165	
4.9478	633.887	139.96	
4.9764	637.89	139.74	
5.005	641.886	139.534	
5.0336	645.877	139.343	
5.0622	649.862	139.153	
5.0908	653.842	138.953	
5.1194	657.816	138.754	
5.148	661.784	138.555	
5.1766	665.747	138.371	
5.2052	669.704	138.184	
5.2338	673.657	138.007	
5.2624	677.604	137.828	
5.291	681.545	137.643	
5.3196	685.482	137.452	
5.3482	689.413	137.281	
5.3768	693.339	137.11	
5.4054	697.261	136.935	
5.434	701.177	136.765	
5.4626	705.089	136.6	
5.4912	708.995	136.444	
5.5198	712.898	136.285	
5.5484	716.795	136.123	
5.577	720.688	135.961	
5.6056	724.577	135.752	
5.6342	728.459	135.594	
5.6628	732.337	135.436	
5.6914	736.211	135.284	
5.72	740.08	135.133	
5.7486	743.945	134.987	
5.7772	747.806	134.841	
5.8058	751.662	134.704	
5.8344	755.515	134.556	
5.863	759.363	134.421	
5.8916	763.207	134.287	
5.9202	767.048	134.153	
5.9488	770.885	134.016	
5.9774	774.717	133.878	
6.006	778.546	133.74	
6.0346	782.371	133.6	
6.0632	786.192	133.463	
6.0918	790.009	133.339	
6.1204	793.823	133.218	
6.149	797.633	133.091	
6.1776	801.439	132.973	
6.2062	805.242	132.841	
6.2348	809.042	132.717	
6.2634	812.837	132.599	
6.292	816.63	132.479	
6.3206	820.419	132.377	
6.3492	824.204	132.256	
6.3778	827.987	132.147	
6.4064	831.766	132.036	
6.435	835.543	131.929	
6.4636	839.316	131.822	
6.4922	843.086	131.717	
6.5208	846.853	131.608	
6.5494	850.617	131.511	
6.578	854.378	131.409	
6.6066	858.137	131.316	
6.6352	861.892	131.225	
6.6638	865.645	131.129	
6.6924	869.396	131.036	
6.721	873.143	130.951	
6.7496	876.888	130.86	
6.7782	880.631	130.765	
6.8068	884.371	130.673	
6.8354	888.108	130.586	
6.864	891.843	130.506	
6.8926	895.575	130.426	
6.9212	899.306	130.347	
6.9498	903.033	130.271	
6.9784	906.759	130.197	
7.007	910.483	130.119	
7.0356	914.204	130.041	
7.0642	917.923	129.968	
7.0928	921.641	129.896	
7.1214	925.356	129.82	
7.15	929.068	129.748	
7.1786	932.779	129.676	
7.2072	936.488	129.601	
7.2358	940.195	129.526	
7.2644	943.899	129.459	
7.293	947.601	129.393	
7.3216	951.302	129.327	
7.3502	955.001	129.259	
7.3788	958.698	129.195	
7.4074	962.393	129.126	
7.436	966.086	129.059	
7.4646	969.777	128.993	
7.4932	973.466	128.93	
7.5218	977.153	128.867	
7.5504	980.839	128.81	
7.579	984.523	128.748	
7.6076	988.205	128.688	
7.6362	991.886	128.631	
7.6648	995.564	128.572	
7.6934	999.242	128.517	
7.722	1002.92	128.464	
7.7506	1006.59	128.411	
7.7792	1010.26	128.357	
7.8078	1013.93	128.303	
7.8364	1017.6	128.251	
7.865	1021.27	128.206	
7.8936	1024.94	128.156	
7.9222	1028.6	128.108	
7.9508	1032.27	128.059	
7.9794	1035.93	128.013	
8.008	1039.59	127.966	
8.0366	1043.25	127.921	
8.0652	1046.91	127.877	
8.0938	1050.57	127.836	
8.1224	1054.22	127.789	
8.151	1057.88	127.746	
8.1796	1061.53	127.71	
8.2082	1065.18	127.675	
8.2368	1068.84	127.635	
8.2654	1072.49	127.596	
8.294	1076.14	127.557	
8.3226	1079.78	127.522	
8.3512	1083.43	127.488	
8.3798	1087.08	127.454	
8.4084	1090.72	127.422	
8.437	1094.37	127.392	
8.4656	1098.01	127.364	
8.4942	1101.65	127.336	
8.5228	1105.29	127.311	
8.5514	1108.94	127.283	
8.58	1112.58	127.258	
8.6086	1116.22	127.233	
8.6372	1119.85	127.21	
8.6658	1123.49	127.188	
8.6944	1127.13	127.162	
8.723	1130.77	127.138	
8.7516	1134.4	127.113	
8.7802	1138.04	127.089	
8.8088	1141.67	127.065	
8.8374	1145.31	127.043	
8.866	1148.94	127.02	
8.8946	1152.57	127.001	
8.9232	1156.21	126.982	
8.9518	1159.84	126.962	
8.9804	1163.47	126.946	
9.009	1167.1	126.926	
9.0376	1170.73	126.906	
9.0662	1174.36	126.889	
9.0948	1177.99	126.873	
9.1234	1181.62	126.857	
9.152	1185.24	126.842	
9.1806	1188.87	126.826	
9.2092	1192.5	126.809	
9.2378	1196.13	126.79	
9.2664	1199.75	126.773	
9.295	1203.38	126.756	
9.3236	1207	126.739	
9.3522	1210.63	126.725	
9.3808	1214.25	126.713	
9.4094	1217.88	126.697	
9.438	1221.5	126.684	
9.4666	1225.12	126.672	
9.4952	1228.75	126.661	
9.5238	1232.37	126.65	
9.5524	1235.99	126.636	
9.581	1239.61	126.622	
9.6096	1243.23	126.61	
9.6382	1246.85	126.599	
9.6668	1250.48	126.586	
9.6954	1254.1	126.575	
9.724	1257.72	126.563	
9.7526	1261.34	126.553	
9.7812	1264.95	126.544	
9.8098	1268.57	126.534	
9.8384	1272.19	126.525	
9.867	1275.81	126.513	
9.8956	1279.43	126.504	
9.9242	1283.05	126.496	
9.9528	1286.67	126.486	
9.9814	1290.28	126.477	
10.01	1293.9	126.469	
10.0386	1297.52	126.461	
10.0672	1301.13	126.453	
10.0958	1304.75	126.445	
10.1244	1308.37	126.439	
10.153	1311.98	126.431	
10.1816	1315.6	126.421	
10.2102	1319.21	126.414	
10.2388	1322.83	126.407	
10.2674	1326.45	126.4	
10.296	1330.06	126.393	
10.3246	1333.68	126.383	
10.3532	1337.29	126.377	
10.3818	1340.9	126.371	
10.4104	1344.52	126.366	
10.439	1348.13	126.36	
10.4676	1351.75	126.356	
10.4962	1355.36	126.349	
10.5248	1358.97	126.345	
10.5534	1362.59	126.34	
10.582	1366.2	126.336	
10.6106	1369.81	126.332	
10.6392	1373.43	126.328	
10.6678	1377.04	126.321	
10.6964	1380.65	126.317	
10.725	1384.27	126.313	
10.7536	1387.88	126.308	
10.7822	1391.49	126.303	
10.8108	1395.1	126.297	
10.8394	1398.71	126.296	
10.868	1402.33	126.292	
10.8966	1405.94	126.287	
10.9252	1409.55	126.282	
10.9538	1413.16	126.275	
10.9824	1416.77	126.272	
11.011	1420.38	126.268	
11.0396	1424	126.265	
11.0682	1427.61	126.263	
11.0968	1431.22	126.259	
11.1254	1434.83	126.258	
11.154	1438.44	126.253	
11.1826	1442.05	126.249	
11.2112	1445.66	126.246	
11.2398	1449.27	126.244	
11.2684	1452.88	126.241	
11.297	1456.49	126.236	
11.3256	1460.1	126.23	
11.3542	1463.71	126.225	
11.3828	1467.32	126.219	
11.4114	1470.93	126.216	
11.44	1474.54	126.211	
11.4686	1478.15	126.208	
11.4972	1481.76	126.204	
11.5258	1485.37	126.198	
11.5544	1488.98	126.192